5612 12.8716648211 1.05025990827 0.321013414126 18.6241043908 21.0216 113.32111256174343
5617 12.7060537101 0.882164759582 0.291968771575 267.465983661 -52.6809 35.846971645457984
5618 7.63473769958 1.73571265399 0.675010788323 235.651986478 -49.6434 104.06539755832398
5620 -7.33757042326e-05 0.0 4.26814268092 322.641252294 -56.5364 243.79765057061547
5630 6.51597483939 1.20748606706 0.498485405527 229.766133459 35.4544 190.67629638450404
5638 0.952825839573 0.712676837976 0.747984085896 177.817100329 -4.6167 129.4757373735479
5639 11.1882665686 1.08087622034 0.349275470506 94.4433794485 -26.3668 147.52662497485687
5651 -0.00464464136166 0.0 5.35826373557 338.704461434 11.0875 208.93525446404126
5656 5.6025810939 1.42097106239 0.638597190138 216.546432977 -26.1719 101.73021018447903
5659 2.48437895084 0.834297021435 0.547478918416 251.899705931 74.0552 177.94583164937066
5662 0.152798377851 0.907529453485 2.34546598036 39.4725748237 21.5402 114.38568808429122
5665 -3.44007275999e-08 1.0 0.0 309.788888765 58.9614 0.35197509324765974
5666 1.36591588712 1.12178617221 0.997168020373 220.884388323 9.1852 70.352662407369
5668 1.02990214404 1.43108628527 1.44272400121 103.437066478 -13.3309 141.41372612084314
5669 0.0409140625852 0.622349513307 3.09472208994 257.795167207 -20.835 89.99977926854291
5672 -0.000372505164705 0.0 1.90876538293 191.114849596 76.6272 57.649259798722
5673 -0.000217813067138 0.0 4.28074242474 214.180277877 -20.8553 176.21027345250496
5674 -1.68222468346e-05 0.0 2.31820767945 93.7061909963 -84.7493 35.15719090048049
5678 6.8631305286 1.1305572795 0.463331429938 244.49989158 26.682 105.11041352991555
5683 1.35616865091 2.29197979032 2.00323773364 130.308156113 -13.1929 289.30031701839283
5685 1.40574032959 0.757928661099 0.659172475234 78.261487258 34.4478 124.35952944216874
5687 2.18811505201 0.834217058012 0.58165040587 58.2700497902 -25.2556 187.45524058186726
5688 1.57936201076 0.919361192888 0.75760725054 254.882916382 22.9176 98.57234318327778
5689 2.3883852273 0.878239056127 0.594906865946 122.509389801 -6.4878 85.54867177211747
5692 9.74248946953 1.36626261763 0.468531704199 81.0591092797 -19.2925 158.1455213995989
5695 2.66744100105 1.73937477353 1.10351354655 239.857448748 -37.8308 146.142366854832
5696 -0.0015092472313 0.0 3.48229842736 6.60954450891 49.9776 30.653810354586938
5703 0.293936224014 0.451426052353 0.847413327893 152.792929033 -50.6819 84.04135757290749
5707 1.40550899954 1.13041294278 0.981713134527 109.747162142 38.6608 120.5107003445338
5710 0.0795146365999 0.729293773133 2.62717203059 78.261670299 27.932 26.671954222498755
5712 0.00909556477563 0.161645881434 1.70365537548 300.188635113 2.3012 51.93339307767866
5721 2.90882725775 1.09286580987 0.682253545534 333.346387542 -31.9561 58.086198070720684
5732 10.577845004 1.32868617216 0.446970234345 85.8474615517 7.0716 92.73492162093211
5738 17.4207538347 0.978469693485 0.262385226809 226.401755192 45.2907 109.82755519599021
5740 15.4574324641 1.42123475147 0.398531346157 248.312638425 0.5772 114.9001804068652
5741 15.7655347683 0.962093104107 0.292542904203 144.590622901 -4.9419 28.70805878607547
5744 0.488110214181 0.974332284624 1.4212321675 313.333964842 50.4373 106.61090143421418
5745 1.84286318993 1.00552835606 0.772134149078 56.5332407368 6.7874 83.82770426447212
5749 0.434871316014 3.09658333785 4.78784877196 341.175299703 -64.2545 75.01090525450604
5752 0.401007146225 0.82978539061 1.32608165993 141.609008075 61.6804 215.42020425838894
5758 6.32831367466 1.22118470219 0.535806364896 246.697011817 54.8365 44.839390794482114
5761 14.671228291 1.2196052624 0.391051482566 318.055927255 -70.323 22.47694849324219
5762 4.11929861404 1.27289948365 0.67699656125 327.860476276 -33.3281 48.06492721371089
5771 5.9472730509 1.26101917868 0.551852307813 235.635685438 7.0824 107.32966409654105
5779 0.34595018276 0.722636078835 1.24277886283 80.7584896838 -34.3343 203.33791970547796
5793 0.514895644796 0.601825133435 0.856453427518 344.53773076 74.149 96.72870995570929
5796 0.124921680719 0.735310562904 2.09801270873 347.589461222 3.6325 135.1598761598783
5803 1.77166776336 1.48468168089 1.15034736658 161.635360213 21.6009 127.41028114646258
5805 1.37731488614 0.965530949114 0.84210696661 318.361208972 43.3665 197.17175447735528
5810 9.10849223484 1.30584620369 0.473159522355 219.142496163 -36.0711 79.46361350658646
5812 6.34165161074 1.1749972581 0.491197964418 328.61372548 74.9387 197.58008158482085
5813 7.63458946394 2.03629214271 0.828661432369 72.2417997607 19.1306 36.21204216251806
5814 5.10917477193 1.04243834885 0.489156070296 177.007187638 -62.6942 122.90677137864932
5831 1.25387431803 0.833727103231 0.765521803924 281.002517796 41.515 128.58377627668636
5835 1.70680899627 0.767625693508 0.613934428348 172.215144917 -18.8887 71.75478901059051
5837 2.11929864646 1.02699247419 0.741696899749 93.8046178407 22.4938 65.03732779175394
5841 0.585520414985 0.936765404907 1.24212340402 154.605224487 3.0388 213.9886597831451
5852 4.30303441943 2.08252836353 1.08898108901 56.567897985 11.03 45.5892314486004
5858 0.456620997982 1.01420670191 1.54000496042 118.675554124 -5.1958 54.8017189083462
5861 1.93658497289 1.00690677439 0.751236635346 327.061021851 -16.6634 108.34833712851619
5866 4.58019926224 0.747250506007 0.380260591434 230.794405045 45.5855 51.360421976284556
5867 3.48958585534 1.63274333989 0.907932784954 19.5366127482 63.5468 179.04928301079178
5874 5.98870656121 0.895153910722 0.387489043248 232.78082302 -44.3415 139.73565714724748
5883 1.47341864958 1.1616149142 0.982167632863 193.325920448 9.5002 166.38829228242497
5885 4.27752971632 1.02671680078 0.519209684129 245.296488932 -11.6809 175.3743013462433
5886 2.52041956782 1.15694262277 0.763395155501 349.497959004 -59.1811 91.64581203284934
5891 0.00399666576413 0.0809865292211 1.29650465172 79.9233381155 -27.7618 43.2486185809978
5894 1.58059715253 1.41176569805 1.15878585514 306.111607205 48.5703 118.13738266726051
5895 13.6267096427 0.899938532918 0.273882183547 259.190136764 51.0952 79.65691631010023
5901 -0.000794855412096 0.0 3.16235873473 44.9437338155 37.4173 282.3040830468573
5909 4.90136059641 0.863457211646 0.41096776318 327.952644092 -7.4675 147.49324131041806
5910 3.36902917054 0.930011670918 0.527162321036 123.097434667 66.1041 183.31530271476208
5912 5.51938078116 1.22918264759 0.553706741266 66.6349688912 13.3812 136.15146198085756
5917 4.04237458733 1.70255959795 0.889864865443 156.867065096 48.4794 115.4904073393908
5922 0.274151868129 0.514470429186 0.99387475976 315.805906932 3.0976 165.66341997056065
5923 0.075872604968 0.493336151788 1.81052443183 140.48920277 55.723 54.43678407834685
5924 0.410706411523 1.19117220562 1.88159176774 2.26467634569 -35.2034 198.1932189763762
5925 0.275540302333 0.904660063461 1.74678530071 5.47510837951 -1.7832 118.35340050055814
5935 0.0992984089535 0.642274073544 2.05155890213 32.3534866595 -33.7899 172.64936684745794
5937 0.0983427566825 0.846268081405 2.71340659327 256.70109363 -3.2897 221.26430066889492
5948 2.20302678022 1.00243277324 0.714363667815 97.2096279694 -19.7918 54.49196818265247
5955 -3.23068816215e-05 0.0 3.73397140075 124.305929932 -82.4657 60.49326463263054
5958 -0.000350070360582 0.0 2.19955451825 49.6505433397 28.7404 60.11314534173454
5974 -0.00470384687651 0.0 9.05577502802 142.339811067 45.3002 67.20433443745401
5979 -0.000489018915687 0.0 4.45989871423 22.7336421255 -26.2039 172.70983295322895
5981 2.72890639579 0.739631573485 0.468236710325 299.443821459 -38.6289 112.68239439255782
5983 1.12314373022 0.536987705298 0.537699962526 153.813251298 29.0603 32.28115515301582
5984 -0.000134599569719 0.0 1.25431089276 98.5303551704 64.2406 33.20121162146859
5995 15.4299547432 0.949913175249 0.272839315141 174.293790199 7.8006 73.44136305607307
5997 4.90724543534 1.38077318675 0.661416113346 35.8089403331 -4.3852 105.42456924919605
5998 24.9646582894 1.45801392629 0.323847966693 321.896585878 -62.5325 175.28285131580557
6003 19.0325101414 1.01789097391 0.260447498552 141.375501829 0.0271 116.86653292751834
6007 0.320962528582 1.03257949916 1.84354791884 200.973556525 -17.1595 176.59403303310177
6013 0.906160538958 1.01529600665 1.08921348164 31.232042694 -21.1822 157.02303970620972
6016 4.48379029182 2.02029457844 1.05171698506 355.745450129 5.2966 29.895092289397752
6022 0.238785161579 0.718261976628 1.4971353167 57.3934773767 45.9148 57.38811125057589
6023 -0.000449766987003 0.0 6.78658572769 351.032441699 -39.5869 126.48206815891263
6025 0.875644884887 0.608676425417 0.671265318532 331.790792079 -74.1734 71.73934005137713
6030 1.64581023803 3.32015055638 2.65443928755 146.493616822 51.2528 170.86480064031582
6038 11.9645513834 1.06369197824 0.341591840662 305.655340292 11.8918 80.87472322840162
6039 10.0393035127 0.933576558405 0.335902487472 218.275253201 76.0718 39.027121475400804
6043 7.13473549421 1.16066998864 0.470161989719 50.0221284375 -15.4201 85.56613680141984
6046 4.17285736802 1.02294211015 0.529415192866 331.688596794 53.7007 103.61922056713189
6047 0.18519668252 1.52392899483 3.57596608367 226.595100859 -11.8415 134.12650749134448
6049 -3.16649675369e-08 1.0 0.0 225.382488586 27.8104 0.05801668175226382
6056 -4.17017145082e-06 0.0 1.41786372407 156.144195119 1.0582 23.364458616908138
6058 15.2562180117 1.02635609122 0.30035388885 285.139281885 53.9216 61.33966145264182
6059 -4.86318022013e-05 0.0 6.13020046004 124.076221526 -2.6063 85.53245094768118
6060 7.32969088026 1.02314620497 0.421715723578 29.3292871098 -13.9267 46.39060781428469
6064 2.5419643668 0.963504088141 0.632507771412 46.6666827573 -18.0475 92.15054618844349
6065 -0.000155548623297 0.0 3.58558893737 350.03435187 80.8209 55.19227705321657
6066 0.169660340296 0.691599374423 1.69438419882 145.676719366 13.1217 156.9019215796236
6068 0.812518560386 1.31432566215 1.48683617321 158.981087295 11.2588 156.77912467715174
6069 -0.000448947190307 0.0 4.96498102471 117.105976633 -26.645 19.455590536930345
6070 8.98497471353 1.30482538769 0.472123445661 172.036115267 -37.4673 95.97097649758652
6071 0.0286179751856 0.327637331609 1.94547763468 119.167474478 31.2552 117.15054771348085
6072 0.544871846156 0.835385577752 1.16468288043 128.291874004 6.5427 55.542423894757576
6075 0.00656383257592 0.322431052208 3.99471357011 56.5264745609 -39.1631 37.58231163177004
6076 0.68732711894 2.1260793125 2.60106309024 172.224104522 8.9203 229.92416082699032
6081 0.340627021389 1.4319515715 2.47841609688 322.53320736 -0.031 220.56664171779755
6082 0.322969988978 0.897094086676 1.59707207602 192.367255072 -36.3197 174.7412741142969
6087 5.30119273649 1.1080155674 0.510826213569 312.458234865 -10.1599 117.1810046415448
6090 17.8340841786 1.09984436378 0.299222324672 17.9078394002 -52.4533 72.07460773294744
6092 2.39116651367 1.31692571705 0.900552084171 27.4075499251 -25.0093 55.52004343745119
6093 0.0364013108774 0.561473891624 2.95129259032 289.426313235 14.1712 313.4583237735102
6094 2.43210055202 1.17291061996 0.789468572996 147.581363962 39.7066 79.48843397410138
6095 12.5953720061 1.09631850898 0.368032566496 351.126136268 -5.6087 29.445951930567446
6100 5.52935512771 0.860123979467 0.388295542202 52.4090786518 32.8165 124.18336393701352
6105 0.403447766555 0.751282287609 1.19701101375 66.081822951 44.726 216.24311379091014
6110 0.436231076659 0.765245617082 1.17313882136 119.305110742 -22.5092 217.88017672066275
6112 0.00423346564639 0.175226704287 2.69629568194 157.137802993 1.6472 275.16085341541157
6115 4.10813372489 1.14513611814 0.591854723286 48.9697808412 -27.709 150.98439623031027
6116 2.88734129746 1.02174492282 0.633361840615 161.317114284 -57.1972 79.78370060454338
6121 -0.000577947532292 0.0 2.06597807747 212.427241978 -76.0837 46.04731048802424
6137 3.0855296831 1.43802290198 0.888878828974 170.15895708 33.2105 32.39565674532514
6140 0.000650268630125 0.0802899734588 3.15102560975 41.6783079188 78.2229 234.5118680938426
6142 0.721936845861 0.547127128321 0.657859464957 285.495694022 -5.1267 135.86896221637457
6146 4.52281749097 0.857014974889 0.435066559753 227.050172836 -34.0277 59.1732626790245
6149 18.5878008502 1.00897470743 0.272274687359 209.795958209 57.1846 55.555914681766296
6154 4.89101342316 1.79370982227 0.873634392726 266.41356588 4.7088 67.72549578596349
6158 15.8758591945 1.11562621096 0.305552808059 290.885759879 11.432 157.7373907946593
6163 17.0424078146 0.956543454752 0.269294465386 243.343039692 28.9572 56.49393590358153
6185 1.516227165 1.52347218047 1.28390257941 203.864013145 -63.1954 83.63699724829186
6188 0.450504319102 0.711674370379 1.07984424755 101.514316743 -68.664 109.0160807042833
6192 0.0282905427157 0.498085438983 2.97075061933 9.20451898488 -68.087 200.1822061935618
6200 12.7003505536 0.951366656188 0.313029197109 259.026393092 -4.083 32.80725953827829
6208 18.2544032034 0.969678578075 0.279891623685 110.589242892 61.2037 25.60977870551028
6216 8.09540677123 2.22037928363 0.866529832034 341.61603352 -33.1358 48.15093609462946
6220 18.3934687644 1.25043485736 0.334246307163 254.066677869 -49.9401 67.32297989062192
6236 0.0220805077697 0.713677802703 4.81328260584 358.174626873 -56.476 319.79937578458146
6239 -0.000128282641526 0.0 2.32459162374 35.555707527 -51.1926 46.909952795169545
6244 3.04458715033 1.65976251203 0.990476292653 66.092653269 -47.5712 133.07919485551014
6249 4.07208545727 0.97816224992 0.519730238815 181.697149435 37.8848 61.068966344116376
6250 1.49524046486 1.38541629622 1.2046013047 233.326709533 -43.3213 34.06840391002882
