577 340.191304438 1.06414316724 0.0830182164855 154.674414708 -27.8257 86.27540278015707
580 3309.00289818 1.05944207351 0.0355723171222 298.370616314 15.6272 62.037306002107925
583 153.302005741 0.971286142113 0.112271354089 146.136641177 35.1052 47.61359838960186
595 548.134313896 1.02732576134 0.0706119532719 358.604377675 -45.2364 52.33044860094685
599 33.5453021703 0.90532740047 0.184830146734 10.3021531071 -39.092 84.5361026894583
622 145.011942077 0.93026830182 0.124720528825 288.986438692 0.9546 12.188058936287007
634 41.9616017431 1.43555906761 0.267209316371 73.6660989002 -37.6139 73.7704615799623
640 37.674000981 1.12766713802 0.228160014678 155.144852187 41.3214 45.1565253149698
641 8968.63043707 0.972782467017 0.0244180027858 6.39099402183 44.6725 27.092749622293198
645 1554.54391097 1.07273587524 0.0476119663595 57.3143699161 19.1093 68.89278977567648
649 73.0916080812 0.925302678833 0.139368038932 3.70699638155 34.384 58.312973911159986
655 1613.77136154 1.03646375209 0.0456230271428 299.341118035 -23.1133 66.188184599877
663 1857.3553554 0.957465242699 0.0409089362532 147.604668631 41.1629 58.32137378202155
672 2168.62370106 0.899880583613 0.0391529238192 139.797448468 -1.855 30.73260894942659
674 40.13132449 1.01460171786 0.187147022667 231.815301302 36.3801 120.95675879913239
678 525.618350952 1.01003526985 0.0719567851333 343.768058831 -6.5568 41.754780815257845
684 22616.2923043 1.00579200569 0.0177524344972 108.828827304 -13.5691 25.19034337784437
690 266.535072117 1.03435308841 0.0900849965174 129.911702252 14.4029 76.95238760964679
698 311.078723641 1.13751951316 0.0982047551824 1.07126658173 -4.5287 47.424284693353044
706 280.975934329 0.984721304495 0.0990206399815 96.6163358191 -39.1471 13.808875445668974
716 1078.62367766 0.965347343437 0.0518700045173 305.022079731 -22.712 43.91122895478102
718 545.85709425 0.939419368002 0.0722196842799 10.7258132235 -65.5869 22.67750711936226
721 103.381032307 1.08362646514 0.147120750612 98.9376330034 -1.9574 41.715494782431136
726 146.749347415 1.02085335616 0.132880246922 54.0590764038 28.2641 16.734868494854567
730 79.0339809764 1.29968231583 0.192437841433 105.155195996 -35.3165 50.90002334285802
732 123.266796423 1.00865074924 0.123354312169 208.743545333 52.3493 54.02667111920425
734 1810.61789583 0.922528586922 0.0426229215875 0.769398782284 -8.4341 31.940932839988648
745 59.659192585 1.15228481142 0.196038421729 296.396630659 -28.0495 38.239631972734145
750 495.288064702 0.972957277596 0.0783440931205 289.397320056 75.3775 20.11934336733512
751 492.752373569 1.09848187866 0.0792811000284 346.072974356 33.9408 49.06105275883513
754 54.0000553151 1.12680313238 0.189718979577 258.090059691 -62.2732 66.97303469504492
759 27.3752534359 1.2646043453 0.285595358004 342.527330983 -29.4409 58.183408367792765
774 97316.2150541 0.995848184525 0.01069679315 95.5427720038 -44.8375 7.670221555340305
780 77.7701780606 1.19578630524 0.171259713428 153.970004644 66.0852 77.4229362425222
787 53.7067448179 0.889948506395 0.151794400674 9.69096025318 -58.9508 66.98247849963528
788 19576.0103981 1.02256435728 0.0197655114242 344.856423914 -32.6232 17.00940231999006
793 156.469077273 0.95325705098 0.128327305615 265.309969864 -56.4611 10.533685401191292
800 1446.448883 0.976561931533 0.0459664188198 57.1725274361 61.95 55.20016064523617
806 52.6597285204 0.970051790291 0.167271373917 63.1617158563 -73.8092 59.477175575490634
808 635.636824234 0.980958721307 0.063053303448 142.74139496 -10.5738 52.49012773774962
813 1458.34634169 0.978415522719 0.0440660046653 69.3247734514 -73.8863 88.86488607946352
818 362.966072947 0.932098168068 0.0723498832919 328.588384823 -5.1095 73.43731790917002
829 1972.84891859 0.958360450124 0.0417026839103 337.546873726 -0.9971 39.17960205431787
836 52.9659567152 1.09023740914 0.179428731726 196.966409168 -51.6561 105.14309823741533
848 98.8978946173 1.34541106409 0.187878705295 53.604546949 -72.1413 38.922641192529056
855 1244.98967283 1.01305982491 0.047775351364 200.863980055 -14.5279 103.49501679872114
858 368.345358529 0.927983016997 0.0757430580972 102.235244701 89.6567 38.47305828957437
859 13008.8868343 0.97712238042 0.0242564654548 343.060155763 -11.8901 7.38147095734567
865 6676.34502926 1.01023736379 0.0291918289976 162.025168203 5.3847 21.904627937405067
875 9535.78590444 0.983420689244 0.0244050794609 136.277470007 -21.6669 25.177743470206593
880 130.99395795 1.30978804252 0.162222056693 248.150102722 -2.6377 39.057810581633504
899 42.3343531573 1.06603731525 0.21412844308 276.286851669 -20.6622 28.46888403899527
905 3113.73264257 0.988261679249 0.0338187377286 108.654027141 29.428 67.57705372139193
931 135.920921703 1.25157125834 0.149700610756 105.890318121 26.0609 46.12815376889054
944 259.120763993 0.983635648961 0.0858062524753 6.36898464664 -12.4103 90.11369141576205
948 3832.38433883 0.964815440128 0.0309247993318 206.115877375 -28.7838 60.61910048614192
954 209.865237192 1.00167163753 0.0960922394172 31.8683375552 -4.372 81.01890258608691
959 44.6267135728 1.10929095065 0.204880768975 205.017017821 69.4075 56.37019582617103
962 62.5515182349 1.12426067726 0.17752846616 85.1326106935 -41.4426 72.40366502117506
966 5071.38326544 1.0086790161 0.0295606122746 122.70231256 -12.551 49.93283072019456
972 272.301481831 0.996177913518 0.0909873410786 238.5093064 67.4517 44.78969140262366
998 154.539477294 0.939604788769 0.0997446121173 42.9846392688 -41.8741 99.4780939553541
999 1904.80934592 0.980875397975 0.0419748294224 310.598342552 62.9926 49.573169466801914
1006 334.680184169 0.983048800357 0.0889423475137 44.0853747059 -27.8338 25.492434675103624
1010 6969.93405234 0.995042679148 0.0281321672262 311.367024072 -16.1144 21.410640980835268
1028 528.520607064 0.858329469924 0.0632275327169 8.96894116768 22.7626 31.61204506016169
1032 115.792440871 0.988548072571 0.13047744799 191.744537503 -13.3928 31.96565736296037
1033 18100.4519438 1.01594813966 0.0185427413904 64.2086397202 38.6521 40.74351543329874
1035 55.0139152231 0.986130890941 0.166129994877 74.002562458 -36.6764 57.15864635131422
1047 13682.2808834 0.998578323477 0.0205086162647 270.239034998 -38.208 36.557569223439216
1048 107.916530868 0.9644028809 0.122528949358 120.058423967 -0.7407 64.1496380636863
1051 59.2919191194 1.01438419069 0.167150534172 212.098891266 20.3671 56.75919210245195
1052 2039.94260155 0.983929367135 0.0418210340398 117.977622902 68.9303 40.582686858239825
1057 29.8465738959 0.978411510232 0.215271642342 257.048276632 30.1341 59.57353679396323
1068 408.170009133 0.912205023748 0.0759745305745 275.279960541 1.8052 25.656404134466584
1074 286.208839165 1.00459049863 0.0848502376687 183.942002692 20.0574 80.45035851574377
1076 180817.029028 1.00124038225 0.00732987392478 22.0740854755 49.0704 32.09364837993587
1080 9091.55143307 1.00674852 0.0237706340912 354.035978904 28.1302 42.46509190794522
1088 1055.52054188 1.07343125786 0.0556198061977 308.277217547 -72.8231 67.43025435844078
1105 243.792315724 1.21693890497 0.108336522417 66.2845879693 -23.7853 78.72730942759372
1107 54.759281878 1.19371744426 0.196465936332 269.477670067 -72.4474 80.42872144043719
1111 2923.38657024 0.985237652831 0.0345805077276 29.6993341423 38.423 68.77723108578044
1121 96465.9880194 0.995341344534 0.00921710961651 215.23821348 -33.6519 50.960135409544705
1127 50.0898024561 1.19951667773 0.201661113182 12.9405338002 26.7487 100.86537899587485
1129 119.299040628 1.26462604539 0.158440187519 88.4075275326 -31.5034 52.86160753473624
1132 51.5999798968 1.46339850615 0.255568016486 175.034101939 9.2993 50.173499692853284
1147 28.7870720269 1.06980948626 0.229205091002 294.312821388 -64.4952 107.26857868606422
1156 6723.12932667 0.999336445929 0.0261209276665 106.811952421 -71.4723 54.29040881216355
1160 31.8423907096 1.21577650144 0.248397155213 273.800972316 73.5059 106.9673875400145
1161 34.8480746415 1.05502450817 0.221195970259 15.8716100075 14.0877 43.59512638476633
1162 213.31340692 1.02489097932 0.101830617628 36.0481885046 78.5507 54.002699763130224
1176 32.1831321709 1.12742251992 0.358330596932 128.217594449 -41.8694 0.9443036330584391
1178 57.3376672322 1.00497491554 0.159288065849 90.1741817301 -2.9572 108.52192494826726
1186 553.652726549 0.921219299876 0.0604176285777 175.821993037 -61.3095 77.37831993975976
1187 78.5460685228 0.91349170972 0.133200245327 1.41504500643 40.3113 63.91978333693271
1188 79.0883553621 0.870583927294 0.124723089301 89.5634487704 -53.9828 80.8222074475319
1210 202.212227999 1.11289948437 0.105643375801 37.3861091117 -38.7239 92.77789605830037
1216 11574.7260064 0.969189795272 0.0235107891833 16.5871956379 -57.5807 14.751440166645807
1219 627.722224457 1.03832070266 0.0719644028476 74.2877535533 34.1452 30.39909069949252
1223 54.0731915013 0.966772337365 0.165574362685 341.898846701 -30.1676 61.32002001221703
1248 1546.01373433 0.998573595439 0.0470115665109 323.314442081 -56.1919 41.91865828198027
