6 14943.847 100000000.0 4920764.87999 175.094750358 -61.2817 7.027313461659219
25 15179.932 100000000.0 3851018.10168 247.554614714 44.9706 29.947267766333027
40 1276.557 100000000.0 11634690.3043 1.68238220756 23.071 2.587159889020768
60 2997.568 100000000.0 8669471.04825 43.5321706411 -40.2272 5.250180787828327
71 12849.35 100000000.0 4521963.4353 56.3763323518 73.96 18.401072871057835
83 3840.348 100000000.0 7706602.77684 164.872629714 -18.1863 6.160841187052682
84 3512.064 100000000.0 9140730.06256 259.717468885 -2.1823 3.425675931836963
92 21723.369 100000000.0 3436356.8989 114.767291791 -19.7899 32.28487930339068
96 19055.003 100000000.0 4086482.64065 81.1764101596 20.8364 15.357086806497762
105 8660.915 100000000.0 5514021.95824 272.021075965 5.9629 12.246911984986582
106 15324.71 100000000.0 4177164.8239 304.124451879 9.7847 20.854412919168368
114 583.438 100000000.0 17159562.4298 281.507168002 21.1718 0.5721287179288197
118 6829.653 100000000.0 6442605.35235 310.481078826 6.9478 7.064467387232554
122 4034.156 100000000.0 7632037.31029 151.453091715 20.7109 7.450598434312411
135 4460.929 100000000.0 7205353.25173 49.0943642526 -83.9188 8.193704121024837
138 3466.841 100000000.0 7887123.3616 0.872913695262 -33.4899 5.56686961137828
143 6868.627 100000000.0 4875515.88548 176.386056696 -50.9756 19.19837356246819
148 1456.347 100000000.0 13491287.0836 341.915253224 -30.592 1.1885801813016883
158 10509.08 100000000.0 5416693.2344 47.4976701414 53.0691 9.618564017634014
162 18593.65 100000000.0 3706100.90695 149.311173416 -27.7659 28.92510537795934
170 7411.982 100000000.0 6950735.6774 354.990635161 -14.3972 3.0809168331246184
216 4622.546 100000000.0 7387098.84828 238.261092652 38.5237 6.354424313576459
245 6811.907 100000000.0 5819392.01952 190.012607859 71.5751 13.074835208960678
246 5491.813 100000000.0 6176398.69609 190.856575537 52.3151 11.303527654127208
256 15077.846 100000000.0 4220972.76374 189.51299093 -77.9682 20.28262186229162
257 7638.392 100000000.0 5320218.77965 250.572658808 -24.084 15.087698835344781
286 4342.814 100000000.0 7019410.44338 23.4728410275 31.8866 7.769395386221305
291 6080.193 100000000.0 6589052.17741 16.1755850311 76.3036 7.89132934594042
323 45348.959 100000000.0 2894046.79467 208.382508415 8.2438 17.612814176411078
357 14300.092 100000000.0 5315049.57408 159.372413148 19.8496 2.9500244377109652
360 22904.993 100000000.0 3866427.70062 179.957652493 30.3606 13.40448832557486
372 5338.697 100000000.0 6571028.30243 191.419320138 39.3167 9.418813173933557
374 16079013.659 100000000.0 183423.261021 292.266571705 -0.6356 21.421251246002925
384 26248.327 100000000.0 3558296.85887 154.37439123 7.3427 18.44487932604885
390 21381.384 100000000.0 4076000.22403 109.164671645 16.3701 10.84970374128595
403 38044.068 100000000.0 2979552.68725 203.405510396 3.6615 26.432651009270074
417 46591.387 100000000.0 2887995.56052 179.345672276 17.6335 16.7055871230462
431 12605.71 100000000.0 4102331.35773 282.352897639 -53.6513 26.465399796768253
434 5702.317 100000000.0 5811223.82468 337.848118902 -50.4766 11.919527806613075
438 16832.489 100000000.0 4415733.00199 223.740179076 70.5034 11.75342206122447
448 29123.239 100000000.0 3308171.15012 349.725121479 38.9296 24.075082924011454
463 988.771 100000000.0 14948821.0609 206.457845917 -55.6079 0.7426876510479019
478 15797.696 100000000.0 3773151.9051 77.5242544833 28.0146 31.731500966978814
479 37475.409 100000000.0 2958192.58857 174.860001429 5.5408 29.505034885863154
482 12762.568 100000000.0 4059659.03929 51.6463314053 -38.6313 26.20176921087605
496 2251.363 100000000.0 11195913.0503 342.98499077 -40.8513 1.8816372748746346
508 7182.484 100000000.0 6070739.93837 239.073004059 1.626 9.93434066118408
516 15775.013 100000000.0 4092414.57616 124.230911512 3.3514 22.247912461154385
518 3838.311 100000000.0 9668248.00653 317.518470055 28.4172 1.486827081020877
519 31756.639 100000000.0 3241306.85984 289.688138588 -29.594 22.283088779154284
521 8141.442 100000000.0 4895912.45787 350.22833803 6.7679 16.560290072838598
532 5231.061 100000000.0 6595817.00252 346.369460858 40.0388 10.784593836585856
546 15926.256 100000000.0 5191750.57186 152.838553469 56.0781 2.4698296356413465
551 2628.529 100000000.0 9817872.86524 184.480098847 45.0526 3.7175582412920107
565 6973.775 100000000.0 5764327.15154 53.0668351938 65.8391 12.667223611504
589 17626.532 100000000.0 3869474.34915 264.487281211 -78.6943 24.591316821020257
600 10512.513 100000000.0 4941153.46675 258.308283257 19.9706 15.773664697404655
611 30908.65 100000000.0 3555641.25364 183.511643651 29.957 10.029493191992898
647 10536.734 100000000.0 4658613.25758 205.347728341 -56.0973 21.533779257820896
654 6058.608 100000000.0 5441012.41077 5.57053063954 -45.3214 15.189788428844565
657 2287.17 100000000.0 10029840.9113 359.730593253 -55.4213 2.3909146698236157
689 6882.973 100000000.0 6758683.79925 111.381940427 -59.3782 5.236204662320063
697 16429.684 100000000.0 3941115.50754 214.333300703 -68.7525 26.45371718934956
713 5476.402 100000000.0 5716603.51032 1.84073623248 -2.515 12.39408040031418
757 979.325 100000000.0 13098493.9187 33.1557081343 49.6413 1.7130897308819044
769 21190.311 100000000.0 4013052.66868 286.038624005 73.0282 13.393541719611704
857 1814.102 100000000.0 10668438.2433 126.1998539 -55.0745 2.912909734160479
863 36399.591 100000000.0 3047507.91946 10.9767338126 48.6337 24.519453313164405
889 38337.869 100000000.0 3143521.13874 243.404347578 -9.0031 16.471792038345058
891 13254.557 100000000.0 5480057.44343 81.341401395 -10.563 3.285607743421764
895 3335.611 100000000.0 9286968.90309 141.168312639 -69.2389 3.539241505515264
910 2883.45 100000000.0 8462871.62342 91.8557232454 -17.4509 5.032079813508915
921 5352.744 100000000.0 5746740.99932 56.7403279577 3.9035 13.513552189822235
944 18294.185 100000000.0 3792753.57572 315.16597708 -12.4103 25.979708297030953
960 39869.033 100000000.0 2872122.47422 282.241333855 -0.8916 30.425687971712023
962 4623.833 100000000.0 7119530.58265 254.133671842 -41.4426 7.895362400778367
966 16287.354 100000000.0 4603309.31426 271.661244131 -12.551 8.507943419820066
970 17907.9 100000000.0 3782109.02271 20.4963763307 -39.7627 28.604620923701873
986 5528.851 100000000.0 7626009.88878 166.327838038 -45.8718 2.860613413545252
