4341 0.68343300774 0.556198992835 0.687316238275 104.9468779 -0.2287 127.3008836046539
4346 -0.00142930081347 0.0 4.19355570453 359.937575994 -33.1616 16.273146075400064
4348 -0.000389765657019 0.0 3.48984536532 8.13926600224 64.7126 48.88362309653405
4352 -0.000410910521168 0.0 2.19496200958 204.470910302 33.8191 72.27907772868375
4354 21.9750240346 1.05469212652 0.252068723835 93.5211348013 25.4334 129.3632778353591
4355 17.5711437037 1.63479776262 0.43944990525 113.386094313 23.5992 84.0644214428454
4356 0.026826440997 0.295848876036 1.82626021474 45.8175585684 20.7688 25.26790284847121
4358 -0.00015121884644 0.0 2.03489080443 281.230622259 61.9201 20.338070095217745
4359 0.727361416793 2.04487839825 2.43443242214 31.9039468873 -24.1525 210.9225190409832
4360 0.28388850193 0.701703686478 1.33689931575 1.63674300941 -1.5094 98.80180549740126
4365 1.69532394398 1.05978633481 0.83961354925 173.625133809 -2.0332 135.62580411784273
4369 2.68891058693 1.06429559347 0.678139289193 186.049833982 36.4599 106.51185864338032
4372 -3.4982804209e-08 1.0 0.0 201.732106773 26.6394 0.3042643205831439
4381 1.14601242717 0.886636099342 0.855021085008 36.4032394812 -20.3243 89.6320453513857
4393 10.0818046634 1.03490442686 0.364908127945 240.664287823 40.4443 53.47360842060948
4398 6.40536615055 0.980740969338 0.413507408798 273.438810465 -0.6163 121.33528753394936
4400 0.872381813708 1.55717994204 1.69722748949 67.8225444177 -27.3278 194.04806431270853
4402 4.57801344339 1.28182570949 0.65308900565 306.403697264 -3.9842 43.905740282446374
4405 -0.000354633491952 0.0 5.31873142484 10.5239142594 -54.9926 158.06146036545618
4410 1.67443156848 1.21300906676 0.969554416808 24.7085813367 -44.1578 110.20578024610884
4422 1.05836288154 1.08367714422 1.09014133566 338.588934089 -51.3552 69.07450425177922
4424 -0.000446271675173 0.0 4.22380474028 56.5448295041 -10.369 260.5689879823914
4426 5.83798586047 0.850979388791 0.386673117715 235.431266928 -13.7758 55.19099088856231
4428 2.45993382606 0.896064167798 0.603801732658 34.4844700538 35.8558 62.68518555846359
4431 6.58956831449 0.897537151406 0.373678247503 190.520490565 -28.9064 116.84871241865038
4432 -4.45870682597e-08 1.0 0.0 164.47356875 -14.1668 0.47502876173825825
4442 0.692262249009 0.906507551689 1.11786252839 225.531382041 -34.8472 82.28790620864106
4445 0.275778853043 1.33741198791 2.56941427501 235.096853749 46.5317 238.58365513340496
4453 0.999245748855 1.83387193421 1.86574837057 242.804940897 -26.8457 242.64245612390604
4466 -0.00023137073731 0.0 2.35761233265 210.201972835 -3.468 55.002784631602765
4471 11.8046827738 1.04606738239 0.32989591882 285.116338432 9.594 141.51494321144145
4474 5.71818400809 1.63248300235 0.754153168449 227.016068601 -65.9578 35.60601989387712
4477 0.302390425117 0.472515208218 0.873712899201 226.312149591 73.9775 90.47621494775305
4479 2.5828473458 0.834657166125 0.551771575169 73.5120094331 -71.4902 55.18624425916576
4481 1.55362549616 0.582720295254 0.497862495369 265.320183861 -13.4614 37.22341826344004
4483 -0.00627897918457 0.0 8.69806516794 186.791036281 -14.5023 51.27238440114411
4484 9.95574426529 2.15452285551 0.764243473169 316.685606191 -42.4628 50.91778612623321
4487 16.328816803 1.06155970941 0.30004878773 162.550183107 -32.9084 67.43663804865287
4490 3.6288388691 1.08421515217 0.600736586935 95.0978423396 17.287 90.1783723293415
4494 -0.000928619527258 0.0 3.33727337171 343.812122472 43.8729 52.65513633387525
4505 4.22696551116 1.27331190397 0.648596287178 296.681282374 38.4767 155.184066792241
4509 7.20456979104 1.04773450835 0.422608193028 251.43827181 27.9645 85.01088017026143
4512 1.8949253062 0.828267628325 0.624293752191 31.6961520585 18.8079 107.65707142056812
4523 -0.00192498491379 0.0 6.99309198046 179.262694355 -24.6196 50.62877007427113
4526 7.56833873136 1.07611553003 0.417403698673 143.145358923 64.4784 135.0274155812375
4527 -0.00072305748472 0.0 4.79704399897 335.477257006 -42.1105 142.89126496905965
4532 3.01132695709 1.18903557974 0.712237379187 233.859748419 -28.2683 152.51337333209992
4533 0.0365384415491 0.279786266429 1.48101248174 215.332902807 -4.4021 33.498076705067064
4536 7.93326220795 1.05749166872 0.406056423484 222.663774817 -32.3112 100.10712664808699
4537 0.154075445374 2.0147201434 5.19377023813 321.772709383 21.3297 72.63077923657318
4539 1.51437359257 0.787628762961 0.656821317907 306.93491323 42.1934 191.4252683330194
4546 0.997989994998 0.746552939884 0.764232385248 210.342317332 -26.2881 158.36740414490322
4552 1.88123906974 1.22429560066 0.925634083974 246.837457823 36.9384 112.02024931215271
4555 15.3981108752 4.63880367325 1.48173586669 220.213415499 -15.1234 10.613363163973219
4559 0.0485522240633 0.481261133493 2.19637058495 138.804231709 25.0661 123.41505034330984
4568 1.98845389811 0.906798361453 0.666445519386 65.3316166034 21.5371 128.16193395967204
4575 8.40457311174 1.1492235988 0.422510494293 259.186076723 -20.9305 160.33283673419442
4595 9.46796332719 1.48228540735 0.529575734882 338.200619994 -85.3768 71.70661900758148
4596 0.00765199790476 0.502927594463 5.75810112913 71.8607604966 -50.6734 243.0038010131832
4603 0.0320683899918 0.293200748245 1.6508170973 119.933646961 -67.5645 46.319039225711094
4606 6.19330516353 1.07420665496 0.45893714272 36.8283227208 15.6389 131.75917782898966
4609 4.94204581535 0.890872378241 0.42226497868 132.756379425 83.8615 145.14896834632196
4612 4.92442296486 0.889493312325 0.423747536658 298.138364057 -23.822 129.88146666698378
4616 0.583085309248 0.5781165645 0.770293509567 3.55666407847 61.6618 160.00672909109366
4617 0.0528098050272 0.434534103637 1.90679640026 9.61196788471 -20.9022 63.83038288376193
4618 11.4021541285 0.859446697501 0.282517210792 339.583653236 -5.133 84.66978322703736
4621 -0.000137558614369 0.0 2.04160942114 146.750428013 -25.8823 95.58514552571722
4627 0.272694441956 0.575423724596 1.11761877054 321.85758187 -58.7308 108.74349439570187
4629 7.62237271015 0.665000206476 0.262313173337 180.817016218 -63.7517 89.73262800907776
4631 1.59494881041 1.17853770101 0.96600432403 319.819137071 25.089 100.86910215158738
4650 0.0294088760857 0.416452793314 2.44485227916 135.995977186 55.7602 52.21729427337522
4655 11.0644951923 1.03754142999 0.335432891607 124.472622727 -16.8391 172.99448261184955
4657 0.0337026803172 0.322773094518 1.77435214335 209.316174482 6.9699 38.908807698119574
4659 -0.00961639877642 0.0 4.47189908605 345.49119898 -35.0285 217.32951302139548
4662 9.35134975391 1.10064808607 0.387201185081 224.091506628 -16.3244 132.24790543271436
4663 -0.0024149051751 0.0 4.82923063955 35.6297258534 40.2431 124.45889379980991
4664 21.3099077754 1.10705745768 0.290397975468 298.95539074 -68.4621 34.070883731520496
4667 16.1435891006 1.19303669619 0.339230101137 328.921392374 48.3987 58.53074871886801
