5010 3.94913530303 0.776884575575 0.422206667601 37.6608751167 -31.4506 56.37163679079541
5012 6.56787482515 1.17981797409 0.496277359341 237.859032979 -9.9967 83.41138880122404
5017 23.5341568067 1.14863443604 0.275794349616 224.996142324 -2.9493 71.01369693225226
5020 0.326125485124 0.937941689955 1.66231804056 259.302929979 -6.3646 165.37948486185851
5023 3.2025920903 1.57457687213 1.03549152989 185.797905567 -39.5335 9.14650934806761
5028 15.5323513578 0.91733569507 0.260728926252 53.650172223 -8.6972 89.36720503075679
5029 1.48442066845 1.17271280795 0.992749700314 358.724868197 -58.3623 110.83213408748682
5030 -0.000445027719252 0.0 2.22019751782 140.731640931 -58.5362 62.818017636627644
5031 -0.000273750338238 0.0 10.409510451 16.4671803039 -75.2487 18.342448074899494
5032 -0.00108862674097 0.0 2.38793611434 217.086310593 20.9199 102.31442560347651
5040 0.346144887328 0.988429452258 1.69757681125 167.95535619 41.7764 235.02498162076378
5041 0.557720423967 0.910782073624 1.24377688639 172.409821876 -48.8684 113.05589718372698
5043 -0.000111772038508 0.0 8.00028983449 266.806662517 24.0962 32.19740712960828
5044 0.102152990294 0.453554047201 1.43138368845 165.737180879 -83.1251 110.02761619251552
5045 0.1294012781 0.524814773711 1.47178327517 147.622470409 -24.1347 128.91932816026903
5051 9.31899485417 0.96196303232 0.33797586629 82.4419938948 33.9567 147.76420662860315
5053 5.53819393821 1.04155806411 0.469163703739 77.4703226177 -48.8141 126.23412870874873
5058 5.19556903612 0.971875871997 0.457825357042 304.881135629 31.7629 74.35302720163816
5059 -0.00123279483523 0.0 4.4872222825 90.9305017658 -51.7083 264.43576989306473
5063 -0.00195331551367 0.0 7.86255091105 120.863703479 35.7939 112.62100886408962
5068 12.3015898821 1.04619805379 0.336872119681 274.843522217 1.0345 56.10499645738264
5073 3.99004724208 1.37972803994 0.750282263642 79.5165765978 -11.0959 38.7838358763384
5074 4.33154808905 1.20173535376 0.602107161181 93.0262594487 50.9954 206.35759807323302
5083 6.25088073709 1.0963838618 0.468529079438 138.244170321 -0.6172 113.28943206397972
5087 -2.98150116578e-05 0.0 1.96820477753 165.301417427 22.4203 14.241199287704006
5092 11.2506462776 1.10585255969 0.364729230985 7.35129343351 -47.3052 83.13316535494047
5096 -4.73700347356e-05 0.0 0.85413504682 222.079430606 63.0709 10.110176362529216
5098 0.784864128567 1.94371065159 2.22680048458 314.814314466 -12.9706 243.95094350064244
5101 8.37280450226 1.23337691151 0.464074732356 171.50814529 76.5921 85.97206544147181
5105 4.12086851109 0.666763803953 0.372092838833 99.6063175729 -20.6083 21.03279928330602
5106 19.6204209045 0.961314813332 0.24917595659 74.0939845272 -38.5551 74.94262075541073
5107 3.84237974818 1.31855401077 0.707843848912 294.142451798 13.4744 109.11217078628164
5109 0.551253009413 1.04024261224 1.42997188827 1.74845087436 -31.5647 98.55449289158912
5110 -1.18602183647e-05 0.0 2.38852679089 181.858509639 -2.6225 87.49052365245751
5111 0.451209630235 2.82588624838 4.30115470506 180.450826716 -81.1495 60.84811338714212
5116 21.5609758312 1.26117707253 0.305143779603 22.3263275416 31.4268 114.8135084681814
5119 0.848118050373 0.965730978222 1.06624046305 272.804001909 22.5715 235.42375622828615
5121 4.53182430583 0.932669839969 0.462073272777 157.950204624 67.233 125.89402609549904
5132 -5.01381000504e-05 0.0 1.89276582756 181.937750097 0.7299 48.66862979169636
5141 4.78654730221 1.8690876748 0.919709109698 71.8504793519 -17.8575 58.67217082970507
5142 14.2306384431 1.36415073466 0.400059058398 56.7845362343 -54.2093 102.13419864976908
5144 0.0766745409928 0.361123664602 1.31353475355 287.303395595 51.0743 122.53499277844384
5145 14.6568005452 1.30178674948 0.374322724451 246.924108815 11.954 112.39903835297926
5146 3.23785587179 0.899803279753 0.523188418326 279.054506864 -28.6151 131.19300851051833
5148 2.49670926051 1.0504756987 0.693640404971 260.114588463 -39.8689 107.4951794164923
5149 0.000641357910354 0.0551791731504 2.18196353181 310.149972071 32.9563 128.62256096922562
5151 4.32748500846 1.29461675809 0.654965464542 63.0712245146 -12.7449 128.4465348111874
5152 19.3155794566 0.848742398748 0.237409388008 119.027088981 -2.2856 22.595531082948696
5161 13.8343942146 1.23649531342 0.375418294294 245.509007657 -34.319 67.51468691459172
5162 8.84693039651 1.45574093218 0.522944312757 225.314903854 15.2945 151.54026860925842
5165 2.77282106271 1.46177774681 0.936065117485 325.401960068 -0.3678 49.43159703103342
5166 0.00192028464517 0.126486010093 2.89783235505 108.843135578 14.527 22.458811705025482
5171 -0.000166941259522 0.0 2.98351579489 205.344028035 -4.0059 98.22132727451941
5175 14.9795051853 0.849001710552 0.245017636745 303.254819381 1.6047 92.6602048540472
5178 -2.56615458056e-05 0.0 3.30333178641 87.6246984617 23.0226 45.66151897398032
5179 8.71943661151 1.01572201951 0.386444037116 194.811180233 37.144 43.313227681959944
5181 2.70424990274 1.79970947338 1.16342712481 198.498005153 40.6353 55.515473622491925
5183 0.250269064738 0.508623337435 1.03131597769 135.392945274 31.8484 103.14633809019722
5184 0.0317396899918 0.354665188696 2.00445634096 31.3117510465 -30.8299 58.63127478843319
5186 -0.00020148063777 0.0 1.93024525511 156.256932618 3.7376 77.45378436889098
5187 -0.000165079720318 0.0 2.3717177038 5.10552956329 10.9265 49.43283037567784
5188 0.400261175411 1.49061781631 2.38598970175 161.776435252 -0.37 177.03380981159134
5200 -8.26070317999e-05 0.0 3.71904478184 151.728193239 1.3084 59.0091640778266
5201 3.00701527111 1.04969330147 0.628251480612 54.8846174535 -15.8443 174.91799743989537
5203 21.8731058749 1.21592093195 0.298775249864 314.703761943 37.029 77.18671169780819
5207 0.803138845426 1.35691812374 1.55236547217 181.683814438 -56.0063 98.0442151007718
5211 0.17874308757 1.97888336271 4.73980418123 156.33982399 -16.1925 75.80725922142375
5212 -0.000360201927833 0.0 2.7150622761 66.1843171996 18.6888 72.91823457215582
5214 3.47588342533 0.783266075261 0.539921661932 98.7820063861 -77.5239 3.21748588685341
5224 10.8770033688 1.28721594936 0.418946012706 40.771614243 -33.5832 168.21992254887127
5229 0.398504925775 1.82471218476 2.93124534807 15.4180300509 35.579 136.77412145037147
5231 0.281261411321 0.736110819495 1.40520942356 194.948845286 -25.5332 137.85801046154367
5241 0.080873225641 0.245106524965 0.870589207603 224.566747375 44.3542 93.97278670789967
5249 12.363583713 1.60944506835 0.492288688604 328.852020237 -73.0273 169.46974164991158
5254 13.8997720843 0.836488430969 0.249971631002 342.388255086 38.9926 94.33417265046
5256 15.1085411088 0.931956069669 0.270956583191 245.061944941 -73.0356 75.07533754936853
5259 1.56056065718 0.757232245568 0.624731110993 202.882498224 13.7994 146.10212326390103
5267 -4.44706529379e-08 1.0 0.0 22.4163592142 55.7014 0.5785075915107143
5268 0.275597628439 0.445792620162 0.891692558626 263.123602968 42.6621 12.773581742506423
5272 0.516474829987 0.519796323888 0.736168131966 179.863753668 -59.9026 139.92809725482064
5277 0.665457441355 4.76517066979 5.99217859907 80.0416091337 -7.8249 62.2382176060583
5279 0.403395594389 0.926950963144 1.47674572606 147.933746081 9.6336 220.85186337705863
5280 0.419438544195 1.15645915934 1.8055163975 93.184109181 33.6098 246.40463246810978
5289 0.35792554298 0.771814039837 1.30527592215 299.811921196 -9.293 200.74512150812535
5293 3.55041260942 0.795123889024 0.452343770787 155.229589348 44.3414 56.05585383495901
5296 6.37022763246 1.04003016333 0.438472996213 236.681116228 72.9893 130.1445611023195
5297 0.152535828005 0.540811924961 1.3944821988 271.384203054 -20.0123 239.6500286119236
5306 0.0946945184842 0.579354747675 1.89678428038 207.278659058 -9.412 133.96241235355726
5307 8.41225713637 0.798515110526 0.299566175609 249.160333373 51.7504 100.28342487568445
5320 -0.000196491659153 0.0 3.99755726922 16.5302806747 -45.1915 323.76614135934597
5328 0.660451859876 1.11874461738 1.41954151433 9.74826925245 30.4785 54.284732124370095
5333 0.664859301236 0.789630665614 0.983536154692 188.28197553 -63.4108 215.7111165748551
5335 10.7948372702 1.10686652724 0.371509909479 234.042725362 -27.3455 84.36263622928442
5336 0.4693201849 0.826286395351 1.2208304904 172.050168906 32.2999 244.56199493523144
5343 2.55888169567 1.0243411442 0.679934809026 16.8776963388 63.0549 53.433390494826654
5346 2.52084832953 1.635929209 1.08977491976 53.4704462849 -38.425 60.496241460747086
5348 0.901276087272 1.23525025904 1.33070559394 299.456513523 -32.7481 133.46631975327134
5356 18.1167607072 0.969326923149 0.284664896047 354.77037164 -42.2457 22.562473123369045
5361 19.6744766653 0.944282047477 0.242837786986 342.266377344 12.1547 80.97007410227693
5362 23.5778422686 1.18976929381 0.290765692068 284.551625363 26.6081 55.38336948248201
5363 5.93699180573 1.32117920411 0.57154261571 34.1042668373 -9.7618 166.28837830077205
5364 3.22533232789 0.861794690268 0.500229589739 93.3484583193 -51.4262 149.40929820895911
5367 -7.86057207733e-05 0.0 2.8101727834 265.383083553 -30.8801 88.68591725023225
5368 -0.000142045260873 0.0 2.33149226107 235.077851333 3.4445 75.90814935992742
5372 10.2544833172 1.07487579763 0.36995959197 61.6174620091 35.8097 80.82451152045192
5373 0.0569000177784 0.718055252502 3.03211364809 355.662145233 -47.1299 81.70327180866718
5377 8.9291004978 0.936284451141 0.36825659324 180.978979495 -18.6523 25.09976601073481
5378 1.70104571676 1.01654088207 0.800829640407 234.353243352 -24.2654 178.0423627570501
5383 4.52108783805 1.6330448418 0.825606664561 49.4064104292 59.6443 66.76193531805325
5384 2.26483430527 1.25231228411 0.897325861719 200.972811649 -7.3282 30.243654897777674
5385 0.253375260858 2.76874462967 5.5384102656 224.268577294 -20.3991 344.4806630329658
5389 5.1187350509 0.868369572729 0.418552739853 38.0315045943 53.9539 56.45881509885652
5392 11.3287694737 0.948802154342 0.345034253832 77.2507728872 -48.5779 17.70710497907919
5396 5.66801509692 1.28277306872 0.586345883872 300.401120871 -55.3121 55.61969724320079
5404 0.199996408541 1.51423262369 3.41671635062 340.991094809 76.3693 167.66881135920516
5407 2.7504561806 0.859490181146 0.555816470133 303.12983098 57.7654 45.87289691984219
5409 4.1194283418 1.08574008408 0.562760883828 5.68749691655 33.8715 128.75028652200695
5411 18.2204620559 1.00791740467 0.274862763782 331.813344593 46.3667 54.127090287096166
5413 4.91812908434 1.16453937492 0.575889787135 103.008294508 -54.1506 43.72914190791133
5415 0.454792882781 1.52202454129 2.28589523173 27.342253025 -46.6067 190.2415023110069
5420 1.02680764825 2.24637382575 2.2586982601 128.887977164 77.7651 195.71752561909693
5423 7.42251813813 1.58231808808 0.614606195812 302.931919973 29.9636 166.13912193311813
5424 9.86324192683 1.33323972526 0.455251492588 177.423177376 37.634 153.50264073474503
5429 15.294711176 1.0030553118 0.319552216931 167.709134595 -15.4177 17.741932500879614
5432 2.12710046396 1.04347733997 0.750707623405 270.716247639 -11.0214 73.679312963125
5434 3.75296422985 1.15079070702 0.620273669291 199.297839954 14.2477 157.76132789662222
5438 0.522166594921 9.38864780692 13.3088009066 232.157330636 25.3599 54.17680970942928
5445 0.445149859297 1.11181987801 1.69976142884 80.3301314805 33.3553 86.39854557820499
5446 3.55758687272 1.60103384712 0.935816429752 30.4651339224 41.1993 23.875610438114677
5447 7.36842817062 0.752209498446 0.311712776217 91.2769540902 -53.0489 39.97828413571625
5450 0.777024058974 12.9175005467 15.1476049935 48.1003890934 -64.5782 43.633971365641
5452 3.82080843125 1.16328742432 0.620200744847 213.734313686 -18.6914 175.02476193629136
5456 0.465146821633 0.969668293485 1.4548694768 350.938823657 -18.2933 69.68467665847928
5458 2.08306969865 1.02783322411 0.741652833093 286.210443288 -63.632 95.71421074493935
5460 12.411622446 0.918130899469 0.311547139295 31.9876527367 44.7031 27.12790170745916
5462 0.242821583583 0.818025081744 1.73209338297 249.138003192 59.1506 13.827173547802573
5467 17.6181571599 0.889508798782 0.240032564615 350.917983068 -4.0746 91.1826873649489
5476 1.6933124385 1.2965145973 1.0271389603 151.058988677 -1.1317 131.57213792376612
5483 13.0744467282 1.24380893862 0.374854668268 59.1587797914 -17.3597 126.6151502776753
5485 -0.00319941010093 0.0 10.5350453839 186.062293463 24.0697 43.189207165529695
5486 2.51993997861 1.17972119065 0.767966609169 124.573953533 -44.7793 175.71286676253322
5487 8.47422989551 1.11587431909 0.418460368701 347.856620804 -60.5374 87.0166931285656
5494 0.889045278542 1.31940020097 1.42622184045 229.075950113 -56.4615 178.65325028601916
5514 1.81736118195 0.781789587483 0.609092905053 245.006208594 -0.9801 59.118051743111494
5519 0.887858245231 1.34965940547 1.4606587304 2.23160022638 -57.8325 164.5952350121787
5520 -1.43870711327e-05 0.0 1.50065161695 288.349876453 -11.148 41.442418690317936
5524 2.01939792564 1.13714124811 0.823055698036 119.949126917 9.1197 196.10901924192353
5528 2.9852054427 1.81741507709 1.0933512135 52.9141882749 21.9747 138.6886226656191
5530 0.207154805481 0.717685866652 1.60183972255 34.7081164887 44.5288 65.4875595835328
5534 11.6852291555 1.17548391041 0.45467864729 311.759293241 38.5111 8.034981502894937
5537 1.08024804195 1.00043055475 0.995637850532 117.093685762 40.0438 78.89466199408619
5540 0.0454383596662 0.603362312269 2.84473952973 181.965057271 -39.6378 130.86320740054774
5543 -0.00123274303041 0.0 4.46869291043 217.619983526 -41.8149 177.82322929699342
5546 3.72632726975 1.62308225608 0.922906091193 166.224383087 -4.3039 26.058851839412597
5549 6.56179288385 0.691051136279 0.291084962007 133.972751312 -14.6022 96.12142635502481
5550 1.16453905968 1.02601609423 0.971995308871 227.053192215 16.2719 183.29865442216231
5552 7.33359189524 0.732645280959 0.2943448694 141.046420078 -74.2936 84.72639644844267
5553 0.696045164834 2.40508822991 2.92405068514 336.259042806 -28.2332 226.5592248917673
5558 9.14701630658 1.25595667054 0.455421146441 157.537082429 -51.1383 76.51000888668273
5569 6.27023460262 0.917638826841 0.388133103877 349.210577348 10.0043 155.45789210433603
5570 9.89499986346 0.872763784305 0.298424240377 295.626706621 15.7001 143.9775092327067
5576 10.621435959 1.1056638427 0.444093291192 168.280347733 29.7574 8.636027832549615
5577 4.50747507648 1.09486186492 0.5416627775 283.984618182 22.5013 149.01918072060835
5590 -0.000336628581863 0.0 1.43456134991 238.132804595 -77.4904 30.186205631754376
5592 1.33553265344 1.15009489264 1.02497816697 272.257019509 19.5763 112.9367186912497
5601 8.35313367029 1.02635030694 0.383409948225 28.8889523104 -50.9748 105.22708993988961
5606 14.4455805587 1.00334788062 0.297047823656 197.067622735 58.8946 73.44744408606999
5607 2.02791625011 1.53235983579 1.10989324811 63.9056229049 64.2698 154.32272190056696
