1 0.936 0.765152299039 0.81632580344 295.65695836 -13.1438 85.78713510685583
2 13.163 0.980347554718 0.294407179392 201.466139893 22.4559 153.41438340202347
3 0.778 1.4716090483 1.69527106612 45.66778458 -12.9482 230.3757020231091
10 1.798 0.557079375378 0.437252063003 110.235761505 39.3164 72.56220544299507
21 20.151 1.17374452107 0.30277539874 193.379598105 -65.6164 65.8717975314913
22 0.072 0.313080638623 1.17576598613 218.467402634 -13.6167 166.6468339133655
36 6.628 1.22985836652 0.531024113084 327.359222702 -0.8492 44.918726265875534
40 1.095 3.56947482249 3.51576637632 136.29820699 23.071 79.59546943510202
46 1.077 0.5007522828 0.500822244731 259.328871413 28.6839 87.66863830356576
47 10.885 1.05133675809 0.346002173474 250.386607237 -15.36 137.77800044521882
49 20.543 0.628603283836 0.177002536763 92.4494367937 -21.4319 27.144757153331938
55 14.613 1.20269428236 0.373447962871 94.351516611 59.6091 28.92649647971541
60 23.577 1.02115480498 0.249395676042 185.284421961 -40.2272 58.41895016670634
70 0.022 0.628585266968 4.26645478862 131.998001406 66.6406 234.02293845126928
74 17.632 0.912175139523 0.249706716708 107.196537014 45.0441 64.81076245236696
79 15.901 0.894892150642 0.257372716927 242.180052212 -64.8069 66.82896390330453
89 5.108 0.657335836404 0.324596591426 352.629506358 81.5655 30.074668679326606
102 0.884 1.95299691927 2.11930677937 19.0458584398 -20.2495 166.05316661598616
112 0.576 2.86757086112 3.87546308088 188.713662929 -44.4555 59.486966497507524
114 2.524 1.07697576849 0.706261825746 255.244243448 21.1718 129.0789718541797
115 11.616 0.731522046117 0.234659016129 197.697300258 39.4583 127.30589349611898
124 2.418 0.966026652132 0.657527918447 267.081324073 -2.362 69.34374027294157
131 0.737 1.3136666299 1.55549596762 54.9239299846 15.0219 210.18221882933486
132 -0.0 0.0 3.04889516629 89.0609317879 50.1279 196.31908780760222
134 0.476 1.93689334538 2.85771470193 186.22176266 34.0648 107.54837804081833
135 4.732 0.738358213961 0.373456511375 89.3107389407 -83.9188 44.160723779225975
138 1.413 0.51487415096 0.451827986874 63.1161707471 -33.4899 85.74608184883962
142 5.917 0.772889700834 0.34483307603 233.482515825 14.5023 78.79900572555758
144 1.784 0.766369030067 0.60067365284 33.6302739664 71.4679 78.3099403170161
146 1.547 0.666625752981 0.637543261335 267.775670386 79.0354 3.2094702778318833
152 0.046 0.292296113854 1.37674697519 305.688169531 -5.9258 85.06482592866087
154 4.911 1.26804961569 0.602909021466 108.633184785 -11.0574 152.41881498102376
155 0.35 1.59018974008 2.72330988891 198.777236396 -74.8813 154.62980468349858
165 -0.001 0.0 4.19259672434 325.880087881 -6.7352 206.4488164100655
185 0.63 1.89989924372 2.44101074629 264.95869752 30.7385 129.12107019046456
186 5.112 0.589082464347 0.307814368888 158.060141036 -2.0281 14.171505857472738
193 0.173 0.326359911971 0.791773280218 223.096650919 -2.4022 194.659382261097
194 12.725 1.11372983485 0.342704230697 171.676763393 -15.1174 117.60255388901373
198 -0.0 0.0 1.674143826 10.8653656212 33.4474 111.58075047534166
206 0.167 0.610832058237 1.51140416485 322.236215741 -70.1284 140.2626578881389
214 5.991 0.809961937235 0.364890152232 41.0171736773 -11.7475 50.65110253697824
217 1.756 1.00339834247 0.782782637576 144.918217835 -30.6655 134.4366587048424
219 0.704 1.74575556606 2.12215879525 190.151470721 -21.2874 136.09997514191264
229 0.811 0.767958028689 0.874934638802 297.693903085 -17.431 109.16274997327653
230 8.215 1.02509533769 0.384110219895 325.166429208 -43.9463 136.3925581180302
234 1.06 0.809349409011 0.803811696981 130.587145351 -38.2642 184.97333300485684
241 4.733 0.826036912592 0.409522343281 13.6097351128 -18.5457 76.37593723827402
242 6.197 1.3561314517 0.601923829425 51.0355747072 -28.0427 54.50182063478829
245 14.372 0.928938768395 0.286327591126 108.197520545 71.5751 45.7030552177695
247 4.986 1.62067279331 0.774699025168 238.247653209 26.4309 97.4936367481821
261 6.849 0.97702228568 0.397830053685 163.763083268 22.8266 150.3002373796535
262 1.812 0.599719447967 0.467829674976 42.8943626164 13.4593 80.4099713641209
274 1.515 0.867580532877 0.72799746495 300.797492774 -58.0839 123.49838962906333
275 0.08 0.780170522963 2.78845314544 246.036453398 27.8123 89.46251154905698
283 3.245 0.835886211872 0.482864843827 311.642978519 -10.3995 178.68224736890403
286 9.804 1.1027688272 0.381583803815 167.022152023 31.8866 128.23405549176013
287 -0.0 0.0 2.32731231756 0.441259794469 -62.341 59.10535131650482
311 2.652 1.3723737361 0.875006936066 57.0579522029 2.459 145.45843102123314
313 4.1 1.02173214535 0.530138312347 96.1195530546 -3.5223 148.71767419840896
320 -0.0 0.0 2.53255639227 149.072933666 -10.5644 53.09120903725528
322 0.766 1.83831755539 2.16071630015 280.371996032 68.7033 78.84624307473877
329 0.38 0.867521232161 1.42739291746 315.979116593 -12.2049 147.97988906319887
330 23.237 0.844767216894 0.201499169115 311.278063729 35.6443 92.16877816756566
339 6.097 0.829150474647 0.370346482871 1.3415919541 36.0226 60.37335575747048
347 6.883 1.22042592045 0.511187888629 257.284936872 0.2606 56.70216461561975
353 9.532 1.11836228131 0.408683789065 25.3882594304 -11.7238 48.86856578659763
354 -0.0 0.0 2.36545426021 85.5859238119 -28.9764 69.66714348537158
358 0.009 0.13050825414 1.36178044454 57.5172327684 -43.1684 221.0263262388491
367 0.061 1.41407249243 5.73439799714 206.375348036 24.0085 219.15968563746543
371 16.761 1.23752778087 0.341223160154 4.34529648085 -41.1906 88.99126030886387
373 22.238 1.07067084159 0.260701036579 326.843946115 -2.6224 82.83651833416698
376 3.914 0.627893713172 0.363550780359 21.9662323229 35.049 18.365272119759084
378 -0.0 0.0 6.00996901192 243.134909819 -18.8066 155.34153539162185
379 0.018 0.140548069371 1.04590719444 332.532641763 -49.5064 136.82913207694776
380 4.657 0.7941504559 0.387744556958 13.3117458506 -30.6549 152.65115841247268
383 1.461 1.28922170156 1.09469767888 292.611913745 -49.1214 174.11548323596918
387 0.589 1.46349767297 1.93236221717 55.5084499253 25.0779 244.54127141890223
388 11.191 1.69088597951 0.574365904921 270.728864845 20.0646 50.83614281106847
389 -0.0 0.0 3.42913440282 284.578165044 43.4942 122.71577517457052
395 -0.0 1.0 0.0 76.7002639811 -11.6305 0.3106087075925217
396 0.276 1.35354517375 2.62199045381 315.264121801 38.4651 74.53710937478388
402 0.687 1.38867304861 1.7064757425 53.9962333474 -25.2117 155.0192155882257
405 -0.0 0.0 3.12497915515 50.8805555472 -8.4515 158.7540213513687
408 1.975 1.18179055463 0.869488776382 320.427453221 -53.9884 143.83184999738006
423 23.663 0.914163954998 0.226287016224 225.698840433 9.0427 52.51931886819813
424 4.888 0.785676598267 0.389517642107 28.2751477783 64.2004 55.844284149289706
431 3.662 0.930992000609 0.512249221701 114.602214813 -53.6513 118.79611762558724
437 0.054 0.534582897088 2.32849240889 153.23844938 -36.9617 44.115673397067326
440 0.438 0.436716409008 0.673386397629 253.458752017 5.8325 109.91170258372915
441 0.175 0.441694931484 1.06653933831 249.863509335 49.3624 153.74455368605433
446 1.376 0.918237977036 0.812336489445 26.857273675 -49.1758 88.97692981655587
450 3.324 0.669960774803 0.439949774908 143.117550275 -14.26 7.414207334374623
452 11.971 1.17155361739 0.370145136636 322.167165089 52.6775 127.01964497353113
475 12.191 0.830299560135 0.277117566267 119.477042732 42.0641 45.233926703425055
482 5.624 1.16344891586 0.519281568871 131.937281312 -38.6313 150.5982536497647
487 9.159 1.10591107188 0.438731939089 326.095321791 41.9555 15.903906497257793
490 2.936 1.06247354298 0.650287293076 340.852419229 -1.8196 114.45423317738428
491 -0.0 0.0 3.63325524031 163.358184573 14.2917 330.61289976986063
497 3.43 0.919694392738 0.519383311554 66.376762097 49.2835 146.63672210582416
509 6.483 0.867697145934 0.366041421604 23.2576368826 20.0221 110.13141819270591
510 0.049 1.36069119178 6.15822009292 113.342447758 -76.2771 210.42970347620013
526 0.632 0.413837386469 0.534107720831 353.822344878 1.6533 95.3032577218834
541 0.272 1.32169864431 2.59625888977 209.981514587 -9.5103 43.87827764640451
543 3.661 0.931998246666 0.509233909508 321.219800964 -31.147 158.54360355799514
553 11.307 1.10519774677 0.354954382608 91.7568499652 34.8104 167.0026069643073
555 0.911 1.3879505739 1.48944478835 126.758040257 49.973 128.19088695859483
559 7.685 1.18910022487 0.45540709597 356.29441505 -66.1806 173.59244427602727
562 1.069 2.30657442685 2.27607018309 249.603984672 22.5241 187.2495818634502
566 0.002 0.109210142754 2.61359637669 138.091258176 -69.5795 32.06912569784049
569 7.215 1.14047785682 0.47453525791 0.468468552304 -53.2165 47.1331408699979
570 9.013 1.3891813056 0.523829232459 58.8701233637 -46.4964 43.93240658670763
571 5.998 0.91208159414 0.398051459646 32.5056015256 0.1943 116.80588034395433
572 0.025 0.49129450731 3.10876639196 337.717631339 10.8901 313.99905634470804
578 0.717 1.64297428767 1.97696606484 165.133051935 -75.5463 156.75636033644673
582 1.456 1.13803285015 0.974827682606 165.907306014 17.804 114.98971304153869
585 9.397 1.02961531019 0.371541310743 240.705828071 -69.0023 81.25716037515306
590 3.315 0.994835128762 0.57215197396 31.4095510134 29.2774 140.11512510704932
593 10.349 0.998140547527 0.348255464244 37.82938364 11.3374 66.47028193776762
601 1.897 0.87301535479 0.657651449208 89.5855115234 -11.8856 124.92792767967114
603 4.252 0.866225663679 0.441375116067 245.430110661 73.1257 153.78720165257673
604 0.621 1.44797831526 1.87006872368 198.317337254 -7.021 157.0599791687741
605 11.816 1.22446490175 0.416941480668 164.731453953 4.0105 33.25727682010137
609 13.078 0.632932043068 0.209169340387 186.671076357 -40.1551 36.63488169332871
613 9.466 0.533314883472 0.202854089862 228.317472762 -75.3538 35.97782751023857
617 6.705 1.03354705115 0.429037569284 71.765203653 22.5825 108.10403916816159
619 6.917 1.12714605993 0.458816118875 86.722781414 -18.9607 126.4064716595741
620 0.784 0.661571682266 0.767086434662 53.1850264818 -8.9565 109.48851630388916
623 0.174 0.460282407003 1.11345739463 85.548095026 -22.943 150.67003516959215
634 14.25 1.4388597972 0.456566923901 45.1636985868 -37.6139 27.147863096862437
636 0.0 1.0 0.0 173.366566152 -45.6839 0.1372201886034503
640 20.447 0.940293687445 0.257452462942 63.2424234125 41.3214 32.77217072647437
643 0.008 0.513717783916 5.63691166308 136.215226057 32.4117 305.923091549539
646 3.466 1.13642717406 0.638477729182 256.153509591 -34.3143 139.60958218980596
647 12.919 0.949463129164 0.304138173426 308.217420584 -56.0973 54.50436764142154
651 8.169 1.20300062593 0.453563708946 145.734325746 27.3018 118.7763137417638
654 1.026 1.33440956926 1.34061450636 201.350624235 -45.3214 258.2871423082753
661 0.0 1.0 0.0 290.442403311 -33.9066 0.396572783107473
665 2.328 0.955313347421 0.650134492577 146.887382528 -4.6955 136.20774704505945
671 0.558 2.24470960629 3.09621655208 274.682306328 33.1888 46.467494187708155
675 5.894 0.831678757351 0.377444609278 71.7170651321 67.676 55.21289061734794
681 0.033 0.541047598318 2.97753491344 303.502244926 -64.3875 177.69460394465816
683 0.509 0.944463823853 1.34759716148 49.4657449393 -51.4016 136.89304570272873
700 3.067 1.05699098329 0.630974908446 313.657586574 -32.4938 125.41439801406193
702 0.906 0.735136342543 0.787641164388 222.276889487 -46.8065 198.15960012168324
708 1.074 1.26042940187 1.25042229266 23.9711883538 57.9599 113.39866560399207
713 0.016 0.237938269375 1.89226821059 226.679744367 -2.515 94.1383031917461
722 9.46 0.936943630517 0.345573293967 113.881304942 -77.3599 48.68107307246933
723 0.435 1.88041545722 2.90051084695 33.5268715424 -18.992 107.41190362491315
727 2.796 1.23046572615 0.77477945406 142.904554845 -19.9343 89.654012418854
728 -0.0 0.0 2.05404580747 4.34523248858 11.0929 69.3880254577787
735 0.961 0.886903595132 0.924148475615 338.232867667 -17.7108 185.47006075450625
738 0.127 1.64481834011 4.64876793904 151.356684247 -48.2129 113.90224151721964
749 -0.0 0.0 4.42328063228 318.363283187 51.5864 148.8091758398287
757 0.321 1.28014748624 2.28004364871 190.955628882 49.6413 257.2070338221531
759 8.872 0.903070482959 0.349646146036 226.92216745 -29.4409 34.48483767050732
764 0.486 2.06205366223 3.01071409725 116.959390789 30.2366 110.05604009454458
768 7.544 1.09801250958 0.430764685916 159.120971679 -24.969 113.37374063162021
773 0.973 0.727060469695 0.758796768383 222.36967717 -43.5511 105.60482838059141
780 18.622 0.941048848983 0.269471050713 230.99055203 66.0852 28.328932527048607
786 18.456 0.955345086705 0.256881394954 152.953628327 -30.8672 67.34844421178792
790 -0.0 0.0 1.91866550865 10.8549029578 4.9869 50.19523878073085
802 11.524 1.02235477407 0.381137897927 69.3557321495 -8.0886 12.063153891645811
804 0.35 0.812862833411 1.38996428829 10.3490187155 -59.1282 194.7873816709234
810 5.752 1.21325680531 0.540231821058 244.852616156 -8.9862 112.56014556192605
816 0.204 0.452085078489 1.01221008607 195.556166555 4.1395 126.88676090646302
817 -0.0 0.0 3.57816905475 78.5497918096 -72.3315 13.021133404360057
819 0.671 0.644491254695 0.808252982807 295.132727308 -20.6052 85.27194331901512
823 15.627 1.03137220748 0.29231645565 120.390066027 37.5743 87.51820712764439
841 10.868 0.930574015461 0.325273507746 132.072470053 15.9398 42.19903587296642
849 2.369 1.17254673988 0.790269777396 167.190931252 -43.8072 141.80204216912063
852 0.212 0.867942369237 1.91034094839 166.607128155 6.1827 110.84700449065963
853 1.265 0.665020183959 0.61038044727 172.142748421 -34.3956 112.50572952031479
868 4.324 0.822327665316 0.415001734424 50.1767771037 71.6901 164.71840043154288
869 13.96 1.05200478528 0.309914247244 187.723646481 34.131 128.04083402361428
871 0.023 0.119178382216 0.788030375356 80.9456330658 16.1014 121.31217598950585
877 9.668 1.09517258953 0.382534648017 4.89677444703 -75.9296 124.69601883754089
879 2.262 0.696991796858 0.487271858189 331.916140037 19.0578 91.08230784044048
882 0.836 1.8467990479 2.06379749635 347.658152816 -37.9645 134.28889487356628
887 17.821 0.869255137041 0.230794469429 205.919231333 -64.0734 112.1561169463797
894 0.165 0.911742631717 2.27221220317 311.281335988 48.6 96.31863429713394
898 0.008 0.240952136157 2.70627228814 304.388274365 39.3559 140.43843897740007
900 2.548 1.37526762201 0.904218632771 120.859012122 28.3402 86.24214031061305
914 7.577 0.785147288223 0.323990012445 349.630360691 1.0434 40.25839383694267
938 8.857 1.295759096 0.489780790657 203.545530099 25.2418 45.74865087273116
939 2.672 1.07379195976 0.6941517449 129.960024054 0.9297 79.13504007403048
953 14.301 0.958198260291 0.298269434351 201.982971062 23.3119 45.51842080422145
957 1.378 1.13963413153 0.998181372232 122.749791438 -37.0811 145.19106794060335
964 3.272 1.27153368254 0.746574070545 145.24858859 -1.2895 76.09241368028756
968 0.002 0.165666926943 3.90426203148 301.316440135 62.5232 322.4677586558107
971 5.136 0.920265253189 0.438199727637 265.382890944 -36.176 81.38813948873457
973 0.011 0.10874501624 1.03535290055 310.236269522 55.3935 135.77076122905476
983 9.126 0.948750138388 0.352565680102 271.409019631 4.585 65.79669035746835
984 24.518 0.932637161543 0.21765442884 178.246986548 78.3073 89.21428822489771
987 5.125 1.01089433975 0.484200391057 115.812632331 26.61 67.57872115173612
988 4.927 0.962511052144 0.457100336929 71.9800199518 2.5298 160.2131162818469
991 3.274 1.09581979256 0.64139325072 78.7830062583 64.5233 85.93874165306539
995 0.393 1.55087377424 2.50620258548 165.701343636 -16.7641 167.67903932149832
996 5.073 0.911518933981 0.426323538629 259.484177775 13.6116 167.76501861544008
