9340 1.74743263284 23.721368626 18.957680211 178.066254086 -65.9705 32.41843760140637
9348 13.0602080261 1.13744212487 0.354463525666 143.814151638 19.8075 68.1473413579375
9351 6.8882321245 1.58946590158 0.651145174809 192.689126289 -16.9539 89.6282060533969
9352 0.730636299588 3.84110694676 4.61403115584 5.09019916524 58.3239 68.25981337158049
9354 1.53947066417 0.954833405333 0.795376267806 205.302992998 -5.1787 109.03446034487487
9366 11.325522335 1.0816248745 0.351865687755 91.299382498 -36.2969 105.55797543718346
9367 -3.6817509681e-06 0.0 1.38704767394 222.984826433 17.0484 194.94354742818666
9369 0.0115320789046 0.18201359816 1.69952122956 263.311331436 48.9344 144.83173313211404
9371 0.00473568373127 0.302347208074 4.41983823337 351.70188514 40.1469 10.216369794763239
9373 3.3983092946 0.634576308894 0.371955683575 204.308344921 27.7336 49.80417606595216
9374 5.67693893891 1.43950506705 0.64820507993 262.096585173 -35.6226 84.84137421691852
9375 0.356211661652 3.29433625627 5.56514641587 145.684035837 -57.4075 337.88752535300773
9378 0.97724369308 0.967854963686 1.00380678369 156.750351123 -7.8036 115.7321102511001
9388 10.8362346512 1.23642198251 0.41391326445 218.18422699 22.6749 85.43132536011191
9389 1.29158800939 1.50589220487 1.35333203068 93.5511023246 30.2864 211.08609816465076
9392 -0.000380054931156 0.0 3.52669029197 306.121737291 -18.5784 17.12215893779893
9396 21.6297772126 1.00902851456 0.246668806423 247.826233996 -33.3761 97.00279011319827
9401 7.19189603423 0.903097006909 0.372655677819 56.1471253202 -68.2545 54.42394586419738
9403 6.74363135308 0.638541551051 0.280660100627 306.974637048 -57.5737 31.995166295265534
9404 4.96444051748 1.56519619542 0.756297702413 132.60935263 12.7138 65.81549176175707
9411 0.0545200638007 0.54332635071 2.34004029468 129.767341784 -29.9785 131.28274919078842
9416 19.2969949862 0.97208539592 0.251003224816 100.353163873 -17.9939 85.92045547750439
9417 0.411851124954 0.522961409401 0.862752013369 97.81846156 0.3048 12.850975737552687
9420 0.49919240817 0.987553418558 1.41855860696 156.45184999 53.1507 171.15234836079276
9427 0.00125886063324 0.0543175692062 1.54625752871 201.310918024 -12.3813 24.75128951292794
9432 1.77221720113 0.901813651598 0.704862248732 10.6728075392 -23.8605 88.6696290933856
9445 0.639392464131 1.55617201433 1.97220893791 71.1389429985 43.4524 250.8311285153885
9446 2.56419709267 0.695404938227 0.453540583555 53.506720837 16.9048 110.87949211648063
9449 10.9465671743 0.862518042304 0.321813028388 216.683293046 16.8796 14.647512670994189
9450 10.2842361555 1.07946754194 0.365592313642 105.891482538 20.7455 119.71125828539348
9452 0.260020509595 0.485222119639 0.969034048289 81.9873692827 15.2514 67.63285251395567
9459 1.05575384205 1.2584720939 1.24884958524 167.672918373 -1.1294 208.15986886592293
9460 0.634822537831 1.0904870667 1.41022877832 165.594624024 -13.5592 56.287808113001006
9468 0.278338552162 1.46552460945 2.8189594644 104.332683458 -53.645 97.01468721634566
9470 23.7932694794 1.12361644039 0.269922618752 296.007791514 26.5123 66.22481463957075
9471 0.330634708167 0.617574763365 1.08734725728 58.7569094282 8.5812 169.9861224030434
9479 3.13297061517 1.09273366913 0.646269141108 97.3517026125 52.3846 116.05750763322453
9480 0.105953101942 0.438053027326 1.35376435461 57.4343435963 -22.8633 237.41208871257248
9481 -6.98245712556e-05 0.0 1.73604480647 235.390650121 20.2019 229.05110423409405
9482 0.0152904742281 0.289701538659 2.35058358584 335.978676551 19.4519 113.1758377346676
9488 0.159642426821 0.985835890858 2.51936349618 132.106705854 68.1685 27.916763341437104
9490 9.05162774352 0.96110553812 0.343412335412 205.611588329 9.9093 130.76048748581152
9500 6.57537350198 1.12342091811 0.469415808989 216.359023797 -24.2809 101.1552949639397
9501 2.16668379999 1.67058064112 1.19239810062 181.612534816 33.0395 64.64356145703772
9504 0.608472534106 2.05730332755 2.67545116154 130.753205199 -37.1554 200.49931137357032
9506 -3.07336449623e-08 1.0 0.0 81.0250304761 13.2472 0.2145199772692763
9511 8.60902290826 1.03638581882 0.386798130091 262.847175439 -18.9906 77.6311383269921
9512 1.35585913743 1.27676696215 1.12891039018 354.379414087 -18.4512 117.90529723789422
9513 11.408761521 0.983691181214 0.339726283778 262.871169611 65.2036 36.04565207947175
9522 22.422326911 0.773402135914 0.195994721344 228.831595982 -53.8758 49.76771097807813
9524 0.0066189772333 0.40695203628 5.00808629712 336.501478332 24.8447 365.84542601268265
9543 0.173689142859 1.04518320675 2.52452868773 346.498008792 28.8436 273.5548097421662
9553 -0.000324440479744 0.0 1.66876641433 102.144571316 0.7912 29.29379390128645
9555 0.176549991767 0.723350993054 1.75390470113 112.509334162 29.16 43.49739499427369
9560 -6.76981871948e-05 0.0 5.69585489321 243.693774683 -7.5928 91.79090430222362
9565 10.8221145629 1.36464736601 0.451574424151 317.499219295 17.3975 105.02554779187733
9568 10.0189105922 1.95315807456 0.695253678467 280.110640063 63.08 45.2689925978284
9569 0.218937630823 0.867542553537 1.89454733027 12.4059291138 36.8897 40.4178664141196
9572 7.95508090442 1.62029040912 0.61623596486 282.866868749 24.5552 114.97342051099474
9576 -7.36949732527e-06 0.0 3.23293591319 295.422994672 -28.6919 17.042713704395226
9588 2.90192239138 0.711773281687 0.448565699406 244.017474825 -2.4587 48.37452677212349
9597 0.0808994101826 0.838189569287 2.97717815296 127.584986497 -63.9807 62.0152670951054
9603 -2.11398582906e-05 0.0 2.01304199501 321.477703217 34.232 66.48170928203234
9613 4.1015169053 1.05818940757 0.552471393454 227.606903643 12.3965 96.1772096704901
9614 6.8359903153 1.09261069945 0.462369977062 250.127613874 -68.6083 50.84995581440336
9616 0.482774261676 0.674793439582 0.99016600008 237.090562702 19.6108 99.52973327915325
9617 0.189874575182 1.55343607127 3.59967327881 341.731105616 -16.0833 139.33981778629658
9627 0.145584050682 0.662224212265 1.74798511831 199.203292831 2.1138 215.2125211732147
9639 -0.00072432536399 0.0 1.39935485212 27.3910603644 -6.8364 143.7841661814208
9643 -0.00561809545616 0.0 5.22770318396 55.6586639974 -67.7141 222.48942224847886
9645 5.51435296587 1.39399070825 0.667247129148 233.869353742 -43.7836 28.929112680606693
9649 0.752716548275 1.09965856081 1.32022210068 69.1610859137 -15.6926 38.90412617264067
9650 0.896551551647 1.25616689059 1.36762670586 153.561872872 54.4664 78.27428394220175
9658 5.67557890835 0.942404628092 0.420575404803 192.152808444 -74.0978 122.10240647453429
9660 3.91649977159 0.561555428929 0.312104314226 58.2271443401 2.6554 40.5407632929238
9662 0.628738891392 1.82384423468 2.33456792175 179.250185409 70.6698 191.2412403552823
9669 3.65996480687 0.869017207998 0.477139022734 144.769801538 -44.282 120.62959635272527
9676 0.207853785425 0.240770110534 0.534224451048 8.78754692607 -69.4586 144.1881538764355
9677 0.320072170754 0.781115315045 1.40132112198 132.656819624 -46.6046 115.39975489945851
9689 3.36712106218 0.9774720051 0.556661304915 221.983914131 -40.7579 141.41277840374084
9690 11.6070645015 1.25385439566 0.401220182583 97.913920201 12.2087 115.64974983252849
9691 3.36904265918 1.86734380053 1.09176724468 29.0413432552 5.5928 49.43583073231238
9692 4.16871876828 1.18835854177 0.615010174503 182.801445846 66.1755 103.09401662051019
9696 0.968628223753 2.54972474864 2.64812513663 205.16943427 72.5575 138.68369090510862
9697 8.40197471005 0.993145525635 0.37733540349 6.81349982293 23.3867 70.62997690613972
9700 0.931828898261 1.42337090482 1.49848379925 288.797967002 83.2184 259.2187371983988
9705 18.2408982034 1.19876887432 0.310960205652 150.077358084 33.5719 131.8620740952506
9709 0.187282356434 0.674286237694 1.57165491424 175.097951664 -57.0408 185.37966332033653
9712 4.39739782404 1.11800161808 0.563081853609 358.286771809 -81.744 120.80158198135777
9726 4.65945222793 0.712845502422 0.376090860297 155.715760595 -62.0561 24.674927105890077
9727 4.72648021847 1.28894573619 0.638883043378 37.1147071086 51.4679 66.91521672568686
9739 -1.55298621394e-05 0.0 1.72918261591 97.726153387 -7.4694 160.80852436520107
9740 0.509152883023 0.800739567124 1.13767574385 136.230480098 53.3707 206.75610270658066
9741 9.28435030498 0.893034291729 0.322905605818 317.939907588 -7.3864 80.20338313652937
9742 -0.000807124073617 0.0 2.4445080215 114.886965631 22.2384 73.55992181331217
9745 2.82158334594 1.34865427886 0.840527291645 307.63314149 13.7979 101.38410203256996
9746 2.25070801412 8.75256440129 6.15499067535 245.317339583 -4.6686 41.68373235530379
9753 2.06124089804 0.940463447861 0.678814208319 17.6505661919 63.935 128.58639697006382
9758 5.58624000265 0.751288451954 0.343718888197 115.472665248 3.9321 81.57855487459568
9762 5.07682880224 0.79874364903 0.401955594142 137.981258286 -39.2702 27.70080841901111
9763 5.41745224781 0.793375345248 0.36707267344 350.335384639 -40.0223 79.19725008840788
9764 1.64756773337 0.784540245231 0.667263917567 334.594544514 31.6341 18.688114116192025
9769 0.064738819492 0.432741642698 1.73482713742 88.8280160036 -56.9066 18.361223423783144
9775 -0.000292560318485 0.0 1.5750797014 77.6213009745 -41.2369 29.546936766752907
9779 0.960732575157 0.878568574361 1.00330525137 311.440769178 72.5125 8.285626646611576
9784 -1.06704537757e-05 0.0 0.97009008395 227.33554146 33.7511 7.165149416491403
9786 1.87345887173 1.21750174146 0.918107630231 274.21934214 -3.2091 136.00720313783538
9787 0.304586235434 1.13216540526 2.07232280192 196.311172455 -11.4301 207.35044627501298
9800 8.22137716011 1.07498404542 0.401131644894 62.6679484835 -8.0066 139.91491307646595
9806 9.97533181112 1.00339361066 0.356968754728 53.7098207766 -3.7263 48.94105322443767
9813 0.493608012679 1.33219394767 1.91996852474 325.480171923 -0.6561 221.3269773407218
9815 -0.000208184239455 0.0 3.11548057284 249.310027026 28.3453 33.04382773686001
9817 17.8945756078 0.965091475345 0.27140055329 142.121742021 33.2821 43.0001391182239
9820 11.3080503554 0.889261342291 0.317167460469 26.3115824412 -2.2802 20.46607586815216
9823 3.90692409244 1.69234476228 0.902567690244 64.9100398995 -31.821 98.98586015330352
9828 2.26924573915 1.16047992597 0.802193957081 6.96899493861 18.5966 101.95612078335222
9832 20.5796803953 1.39382970317 0.338149858405 62.4281211429 29.5136 172.00577615770143
9835 0.0783560750424 1.60106149054 5.74561910805 57.083366683 -36.6745 250.8363802602491
9844 0.259974734276 1.19372881322 2.3612212069 57.312880297 25.825 247.0721095692257
9849 2.03088641708 0.83671341228 0.608950022584 330.579842226 -14.3283 125.69396241839263
9859 3.05643118714 1.09665586931 0.65550877636 217.061825067 46.668 126.9419478318668
9861 19.0580044187 1.19504114417 0.30213292737 17.8396007554 -0.8259 148.43035211779204
9870 0.178170508647 0.832115997098 1.98507497519 331.247024834 -20.3973 258.70263229904754
9883 13.1200169689 0.818915619539 0.254881916529 291.373141912 26.3584 68.15009730917785
9889 2.04768615298 1.05418304806 0.757254678548 213.828960147 -15.3735 235.53313267469906
9890 0.60051636881 0.854781248101 1.13062359795 93.5739860108 28.4289 74.37618287800387
9892 6.97692227107 1.28703819932 0.52932198142 237.270914175 38.4519 74.59624148747776
9895 -0.000112784153316 0.0 2.31704973213 0.247762803092 3.996 54.70104345750411
9898 0.778899372555 2.74948663616 3.16741055841 176.121060296 -46.8701 189.75689502376898
9899 1.31608117768 1.59075976811 1.43282971252 228.197101153 -17.4817 92.54035473008574
9912 1.91268026835 1.4923087455 1.14832586568 274.769560967 -52.8391 38.7893854484104
9913 0.913281580142 0.82457122469 0.97054895144 95.961389617 -57.0681 7.312183925107149
9916 5.88353570004 1.07870948351 0.468516688583 148.796323186 77.071 176.15057614110992
9920 1.81730254903 0.901105352101 0.719079088587 138.489223788 -30.3904 23.337783313861422
9921 2.06912770629 0.870105043776 0.630010303682 52.4906777134 39.5777 96.53797319583236
9924 7.49746243679 1.05698712752 0.414189899038 26.4638349442 31.5285 116.68677510152766
9925 2.22984537779 1.16230865327 0.815141439147 19.8640694309 42.991 84.41951705969856
9926 4.2190611905 1.0917606304 0.554364594878 71.0055254206 -20.4744 204.06106038537243
9927 16.0870281805 1.28186665264 0.351399050852 89.3128301149 -31.0206 127.44182912071888
9932 0.0720761712291 0.51772571985 1.94281285108 308.202968748 -31.4127 104.91050968020659
9947 5.49466476258 1.15263056032 0.529953293099 51.5502322403 54.0262 74.25415067731313
9949 0.418384145538 0.594824197452 0.939273680429 289.764449419 -26.8575 80.97597381938255
9954 1.67968676012 1.63997609784 1.31613821381 299.980253568 28.359 81.91280877858694
9955 0.873544897651 1.06076821947 1.15821893866 112.690090887 57.3076 166.4265708640651
9957 17.5843207271 1.41085117556 0.383208238589 318.80405797 -63.9808 69.02545131750466
9963 6.90362904553 0.965987430753 0.392483215588 307.498186721 -77.2431 122.98249722359833
9964 0.388222801324 1.67445123254 2.72146072588 102.941433106 -10.0736 169.8700938529886
9965 6.45460174128 0.842690768755 0.366059750695 191.332848989 17.9374 50.920174981580175
9966 4.99584440445 1.09066080971 0.519199182989 144.635640166 16.5592 98.48406523911197
9974 5.19500596303 1.0011395909 0.469627842354 230.131175644 48.3336 88.24544362442427
9977 1.83021883346 1.54720627058 1.22258815523 349.667403334 16.7207 32.07633026085398
9981 20.2810230701 1.07367445259 0.273459097547 65.5996671727 -42.911 74.9438666541867
9984 1.72493596398 0.672722959342 0.527110381284 80.6659208063 -44.3067 183.55075746870972
9992 0.74833799951 1.73170724696 2.02940884688 117.37399496 30.199 275.747878304399
9993 1.94612268958 1.01553092247 0.754512711328 349.789745249 -29.5754 116.29502999329563
