4670 283.147946563 0.956157669602 0.0995844712688 230.609709646 17.7035 12.10825673197445
4686 136.778129545 1.09225787513 0.125764567616 83.8413727217 10.4137 69.73083916953632
4688 367.622738726 1.03433968811 0.0865231292669 12.03286626 36.0819 34.5721217198558
4693 28.9746610184 0.985911070381 0.210301453557 203.941931115 45.3826 99.21634019279256
4695 44.7849451412 1.17604047293 0.212190386207 331.500241254 -26.9794 77.52107505813346
4699 88.7600093926 1.36741460035 0.190388334982 84.6982843528 -77.2604 57.99951957338618
4705 2896.82309703 0.915842197122 0.0340183874644 122.73059567 -42.8103 42.8916193245563
4707 289.193229135 0.987476784425 0.0884984005057 317.512650826 -49.8588 44.49383096736942
4710 188.124142393 1.22961486602 0.132097345528 179.67449144 -21.9035 41.21793618176352
4719 18418.6020618 1.0165701883 0.0207321631858 11.4217324817 33.9447 12.572802732206029
4723 557.081170915 0.938177341291 0.0662308581577 173.979595019 52.7943 37.207737549108515
4726 58.4018098418 1.28758575399 0.222230433174 298.844144144 -21.8764 32.26651297503585
4728 366.801642285 0.853649923034 0.0766299049908 307.674556439 -36.3016 20.321896828027135
4735 23549.6718275 1.01735230864 0.0181805134554 156.827060375 44.8208 16.532027465103653
4754 122.123410631 0.996953497355 0.134666374807 140.018374452 44.8428 21.693168259762103
4763 41.1541105967 1.24618774639 0.246361802912 91.4369970575 23.7094 35.973333588249034
4771 9527.00895443 0.991709727645 0.0263679932336 222.660052821 28.547 13.671862736889182
4785 49.1292587933 1.04110853492 0.186739669967 13.0072119078 65.1826 54.103757187199875
4786 1247.53571814 1.07318081847 0.0535081380554 87.2768410019 34.3854 51.423213605793705
4789 883.174888753 1.12843888756 0.061371858426 24.7335967519 29.1048 78.01104595995915
4794 39490.8028739 1.00948096511 0.0132526902151 31.3069378431 -10.6984 52.308233299425694
4796 3782.6152732 0.984451946287 0.033321613274 294.22037869 -41.8092 39.853289794829564
4797 37.5762238896 1.20768467092 0.227936024211 11.4257239505 -8.531 120.74118140351938
4802 121.050115088 0.979771840812 0.121177045442 193.81373577 13.1882 53.536017780141606
4803 43150.0414469 1.01462881569 0.0128122406383 214.216756729 -29.7848 53.320693685613236
4804 31.8440633084 1.10816847765 0.225917365954 106.434472511 44.4216 111.73176056234169
4805 37.3396095918 1.18430805663 0.223856133493 239.060914453 0.0057 132.44826277899864
4809 3133.16134886 1.02190358097 0.0360799019642 340.53817032 -62.1145 50.50525566662908
4810 274.071746848 1.06195200628 0.106951545089 228.458818203 0.9858 17.706325735291188
4815 30.0273409034 1.03901215166 0.239453092912 318.58627212 33.4884 33.1850823644061
4818 178.63190959 1.16479562201 0.127402822959 280.280257441 -37.0023 41.732273571581686
4829 39.3171021676 1.03416305373 0.192652709083 179.000292283 17.7606 114.34013164903837
4833 79.500033611 1.04190681563 0.145401963497 174.370952072 -31.5079 99.21298109549198
4838 4675.84244732 0.97619875351 0.0305176842722 148.552361411 3.5675 38.96646129200387
4840 1725.4771553 1.03115710625 0.0436776823484 219.982340947 22.5215 71.74714775114457
4851 7038.38659845 1.02439844875 0.0263103319731 236.715388932 -57.7496 55.53574309232803
4853 98.0210803419 1.02861525939 0.138866102825 115.76305764 -36.8703 49.298073575247
4858 263.963629186 1.08727014754 0.0960739638744 189.041608108 -19.462 71.841753731781
4868 423.820241304 0.927123310251 0.0778479310179 213.185873578 72.9379 19.34595564706794
4873 137.322585757 0.806919459149 0.0982449670692 295.048913312 -54.9663 39.79257693346115
4888 4496.8439937 1.00226124484 0.0311680759541 203.115178915 69.8601 44.767506158237296
4896 187.523680832 1.04638167003 0.107892582792 188.993720837 60.619 59.19435986756149
4909 53.9645408387 0.921415028298 0.15474441181 311.327023751 38.0551 80.99858850459833
4911 159.330416773 0.997479725375 0.107457554914 354.13442717 -29.3648 76.221709538872
4915 37.2699218501 1.07921320757 0.210925544762 119.358576678 68.5999 78.7124815586918
4916 33.8148784408 1.13929581464 0.228228046184 142.056394844 5.1422 96.24367461561975
4919 443.849824088 0.927876268075 0.0780651462349 338.141777331 8.6479 18.86173915355272
4921 1278.08380186 0.965973287144 0.0454270636001 111.908977284 23.5362 87.71721510888649
4922 202.934711275 1.01584079104 0.117764489842 215.295660562 40.2581 16.856915433513336
4923 107.927840124 0.974203120281 0.126534759981 326.200673492 57.7625 54.008281238878084
4929 509.249986262 0.99601494414 0.0665043542406 46.9702711507 6.9339 80.9838840939282
4940 717.43088327 1.01632706385 0.0647425675597 312.866675606 -28.6076 43.12236959989292
4943 81.4270707404 1.05418748109 0.146075064533 324.965362035 33.9652 96.34561163242347
4945 850.358113645 0.998761002592 0.0558029242115 198.986169212 7.1834 68.15610582196707
4946 1284.85762498 0.936143033968 0.0448227297024 353.359278211 49.5424 64.97945026756278
4953 1221.87199061 1.06200077169 0.0516660766328 119.990063669 57.9329 67.43582146251813
4954 218.58650726 1.00510764701 0.0983305949165 42.7996504376 -32.3478 53.485929989804504
4963 161.119944525 0.973441929472 0.104788102864 27.6313382252 -6.5782 67.662247238374
4964 327.964558872 0.886898736536 0.0779509063074 286.964390224 -14.1288 35.375843061147265
4966 942.513427053 1.04881274225 0.058189018334 168.094970851 42.2389 50.681613038898575
4968 112.651529111 1.02301778969 0.122016451818 86.7743530055 61.3732 104.12181659952486
4976 29322.379503 1.01380441753 0.0184965039046 307.942160869 20.3429 4.810301483196
4983 182.89465074 0.981195966613 0.130019755293 9.29396424621 42.4824 8.300925800401387
4989 42.6928335249 1.20386231393 0.238338761571 11.6265541525 24.1823 32.81636505308606
4993 30.2094161821 0.965108477693 0.207343944097 241.154817358 71.6354 78.48615813752907
