6260 94.1927638769 0.682101830781 0.119100748101 329.090880325 8.9956 7.485767121744857
6264 704.502090231 0.967716603268 0.062231745103 355.206655939 -5.6191 40.14958076438933
6265 169.932993236 1.02947437985 0.115974456584 185.121840105 -1.6371 34.20941158936685
6267 27.8589608436 1.10784364791 0.260419210418 67.3254736061 -52.9879 31.24020710245054
6269 828.806212546 0.920376281658 0.0547370721398 143.968166062 35.0069 49.54669292290312
6277 53.2922600041 1.03861412849 0.176124152764 254.192088145 -35.8632 74.79305789511403
6288 25.4871076206 1.07239430673 0.241222479231 286.623001257 -78.6535 119.24580135306667
6293 3004.36963511 0.97274980767 0.035976267109 318.325067631 -13.5992 36.96503326658737
6294 1656.6781659 1.03596493722 0.0469474463133 197.271628818 1.23 45.71403735167152
6300 27.3766476769 0.913812455595 0.214082334136 159.623268363 14.2339 38.27826579243191
6312 375840.531856 1.01070284622 0.00553808563098 22.1684757627 77.5307 22.474199709225218
6316 25.6420939727 1.5567629017 0.416628259716 329.95831176 -7.1439 10.839795789581274
6317 1678.90340557 0.987842959601 0.0440828544013 188.448538556 -37.0559 54.74191134787185
6331 24444.6268935 1.01253724708 0.0159232585491 263.324236541 -11.4868 61.692370702175495
6336 1171.13148922 0.968833768275 0.0486135838023 311.296865097 -5.8898 59.86413999326513
6337 336.760531479 0.971272421617 0.0929598548204 73.2870044129 -8.2995 16.736075365070036
6343 146.220795255 0.93700824847 0.13897516645 125.181883531 -59.8069 6.44796340096056
6347 35.3263806368 1.52590787013 0.339683867139 149.269872856 35.9929 21.08166948123835
6353 34.1252377183 1.25417378598 0.252161879566 77.0610568938 -41.9383 88.16020794756808
6354 48.0949845525 1.30059162544 0.221434997007 83.6645006492 -3.2551 108.14355711922741
6357 100.104939531 1.05142940497 0.140486199061 105.772716014 -77.6728 54.04825135346461
6366 33206.3080034 1.01702041898 0.0171840843008 84.5210713972 -25.848 6.136174277709657
6367 34.7347311153 1.43489387322 0.290068368168 291.270794334 5.2635 72.1643212422338
6370 5070.8139076 1.02007464846 0.0314368296004 354.293604827 84.3884 33.77758593657518
6373 473.802793453 1.0236544287 0.0714357494168 337.477739774 61.8249 75.63338158579903
6380 223.899927623 0.963360719236 0.0961267056862 277.806397578 -49.7398 44.84680458622455
6383 430.511822339 0.814393953056 0.0693671854055 179.467452585 41.7988 20.229522547152328
6391 25.736078279 1.10635014567 0.24768216522 153.108223325 28.2998 114.96347510199186
6398 27.797635794 0.994186854422 0.217271814782 300.353062587 -31.4684 95.06832792197757
6403 2608.81964208 1.07430906009 0.0389268680198 75.9131394494 75.9288 72.7456838042807
6404 33.673504942 1.07939158893 0.224610474214 198.619288257 -0.4699 57.30128133952363
6406 61125.5739018 1.01938423051 0.012690586975 288.301593833 -17.7596 12.675042853170623
6408 998.118214643 1.04287349683 0.0578713048259 321.537273456 76.8714 44.82319921543926
6419 343.052128966 1.11221386074 0.0904797828168 275.34296256 4.6953 57.552998474294725
6423 133.30256133 0.945960832767 0.112508679305 293.273026645 61.2704 54.66767555751666
6426 89.4669205692 1.20877024138 0.167526306038 185.226209184 -9.1416 57.38449158019182
6428 261.691962291 1.01902799741 0.103036095619 61.9648418793 -51.989 20.968146364136032
6441 417.579997135 1.10644306291 0.0816143239599 61.3926141423 12.9063 68.29788800764285
6443 42.9755962497 1.257390139 0.22411502686 54.559924922 -37.6738 111.06645937683645
6444 156.695620936 0.913091383956 0.0962604521509 258.870222643 85.6757 102.66353490522772
6451 384.725572688 0.958578596748 0.0720630584894 6.62938540487 -29.0507 72.97805324760881
6456 3671.04894035 1.04540641195 0.0365706388006 347.64584616 -45.7349 32.5363298888758
6457 63.0143490153 1.13144829399 0.174877948717 165.364343895 47.5552 91.33425460402424
6462 11254.9094079 1.0029626691 0.0255017967412 253.630513404 -6.7034 9.525252120484495
6470 116.615717731 1.02090017468 0.131457094633 111.238504146 62.3934 39.55534111922722
6475 101.706278864 1.22582098339 0.171969628694 188.843153118 41.2227 30.91014791625952
6476 69.4959609413 1.02345511576 0.151158110365 235.81485225 -39.3306 96.47790500465852
6484 13126.2443477 1.01896474061 0.024083446933 314.769697832 -34.6465 11.845699585144558
6486 2829.31180456 1.0644946012 0.0377240678478 333.953436271 2.2531 68.09874645270622
6487 62.7279948159 1.10070069583 0.171454381494 104.609472714 -76.3535 77.3024729653643
6495 13710.438806 1.00588376278 0.0225887494175 57.4733494942 -15.769 16.600330297028393
6496 32.3725307349 1.2818289883 0.271199439765 190.186773656 -15.2926 59.26006920661902
6511 30.1625119758 1.10742245707 0.245684866735 35.2815939547 -5.9092 46.88808390809723
6522 351.035347152 1.10886457316 0.0858125682276 327.852842801 -51.7648 83.11421984391293
6525 27.7512485429 1.34278910476 0.290451490572 32.7548684966 -61.4716 114.03016091580986
6528 47.3294954382 1.29078188092 0.244039015632 264.982427179 -32.195 33.78315403401439
6544 35.439682645 1.13021764604 0.220172683664 32.4958726296 6.7371 106.20234914958147
6545 367.314316662 0.950968059452 0.0813090468727 238.574417215 46.9893 32.61574697187733
6557 11342.0594006 0.999171865219 0.0211743346493 136.481392723 -32.1496 53.26533230525892
6558 149.757231788 0.97814632517 0.103849361547 45.9404876627 32.683 119.41418601342367
6564 71.7815900448 1.12646320267 0.240282262561 234.294541642 20.4876 2.0180544010084986
6572 308.636027125 1.04234055462 0.0896566462872 176.843019483 -3.6621 51.9098231470803
6576 48.4971047472 0.922238501689 0.15857557032 209.861088563 53.4665 109.6823646311526
6578 90.4436679921 1.22400246293 0.171197885557 50.0907986919 -14.8137 47.69093280698473
6594 100475.745079 1.00875726171 0.010336835678 100.217494059 47.6591 11.583252244326815
6599 2375.51554855 1.03873060082 0.0397833985424 259.805115507 -17.7542 58.54199700502127
6604 93.9816523762 0.850074759709 0.148972523978 314.616318935 -48.1882 7.668977023551577
6611 28375.6002649 1.01842738236 0.0169449351183 327.634446283 33.0117 17.03219104641009
6625 107.96808966 1.03537609453 0.127669413368 253.331558513 64.5827 100.49465635956093
6627 78.9227269789 1.01422079596 0.146314451049 50.5903227865 85.999 66.61280704122771
6643 39776.2059319 0.992999311578 0.0165692987056 310.042701137 -22.7347 3.5267563492320875
6649 1292.51715547 1.03079679571 0.0516546769179 138.573672613 41.907 40.500492065120355
6653 198.457914279 1.04923929195 0.121820813616 156.00303612 23.6925 15.990380186078852
6657 1024.36490342 0.929860317603 0.0490027948048 12.009506922 29.096 59.69593260816424
6659 1306.10366942 1.01955410817 0.0506307179258 76.3896561003 9.0368 47.18326170762984
6666 2867.52438037 1.01836498156 0.0385943980509 101.293675422 44.9209 38.58638079342404
6716 127.402984042 0.992916471878 0.115587955859 249.867148285 -59.0264 83.82313490610807
6726 161.868861354 0.999398357212 0.116946882292 260.537949819 13.8456 32.523071585250904
6735 253.828890252 0.997297931765 0.0861603625838 61.6968990474 56.6405 103.75121432817264
6739 72.570168388 1.27045614014 0.189665690931 214.967216961 40.5552 65.91163353564232
6745 342.049084602 1.05653474486 0.0812352595133 141.086546047 -8.0936 103.4678345600021
6746 410.927057405 0.930183887044 0.0710692427316 306.05233907 27.8683 49.98174175325667
6750 2583.48219706 1.04595584032 0.040723703011 11.9844789181 0.8017 40.27204060609269
6755 49266.3712432 0.996058520223 0.0124288289554 43.5804902273 -43.024 33.613531575401595
6756 5145.26619041 0.994060260672 0.0282032241311 265.448659616 -6.4053 65.8458233640092
6766 37.2734169039 1.26260567968 0.241992108339 235.142334172 -55.3038 88.91296139859178
6767 2493.87761954 1.02014760784 0.040648656916 146.884289021 37.0892 37.9227279078643
6771 516.181498653 0.911749405038 0.0636895155258 92.4275746725 -39.7051 55.55912922544732
6777 33.7110772067 0.974577040886 0.194561870064 331.218048492 66.596 104.16166109313606
6787 142301.75783 0.990713058549 0.00781412936195 210.09112842 -67.6923 52.555556725116034
6796 79.55088048 1.21723749746 0.182352020624 283.9827045 -26.5831 43.052921286741594
6805 720.561979878 1.10122668662 0.0648331970941 318.415724546 -6.2879 83.11456815333884
6806 893.367093063 0.987061154041 0.058455347559 114.604500127 -19.0137 35.20503575901574
6809 26.447230348 1.18089586883 0.267269556056 13.8641594253 -40.1793 71.13301722838818
6814 10554.5356172 1.01120379254 0.0219603991009 28.5245343963 -51.9785 58.71233198366606
6820 27.6217810375 1.0054131038 0.225477263515 109.54926069 -53.7541 73.48503351218358
6826 141.040047809 1.11647459138 0.147144205099 259.043322036 -62.4539 15.85118976563166
6830 40.0408540794 0.949411278745 0.189936487504 165.840943512 42.5316 39.06251610927683
6843 117.228752289 0.991250186503 0.128289236521 162.074087177 -49.1842 39.396344381095446
6848 12795.241257 0.998851331342 0.0236938859817 277.572550073 -47.2981 11.636554543537457
6851 14669.2519731 0.996079761196 0.0235642344949 270.927628832 -47.8394 7.216291912831792
6854 166.835798872 1.10056651114 0.133547275456 186.74596169 39.7822 19.30928503420722
6873 17259.2123006 0.993588648092 0.0211959934752 332.499751443 47.558 11.273935774795106
6883 154.918244524 0.892798057389 0.112844044305 316.638548541 -42.9617 15.887899181670264
