9346 254.753296308 1.10212382792 0.108729635567 296.400516817 8.9891 29.557436634603135
9347 26.3678982467 0.94978844436 0.217658795433 96.3425635354 -21.3159 73.78642371756604
9349 108.409622795 0.946268984597 0.115399725556 178.41474146 31.8758 119.69263736740379
9356 51.7883582291 1.10604859111 0.187608706175 264.0482603 -37.9858 77.43917453289578
9359 203.290690029 0.999872250587 0.103459358732 45.8263369107 -16.321 43.46186742538512
9368 123.261184077 1.03049467337 0.12256849363 248.404334022 6.2539 73.79567863960031
9370 14729.9947598 1.02338794008 0.0204563364521 211.573886961 -5.2653 37.72440370820199
9372 9717.4089799 1.00217911467 0.0254588576305 91.2508930823 30.6998 18.10647721148389
9379 66.01893415 0.975914152917 0.148683219617 203.990650949 -58.1167 83.6449128958318
9382 761.684316412 1.03119882986 0.0582578829186 40.6328341016 31.9112 90.27704619097487
9383 45.2505770697 0.809295500996 0.146329667715 106.59128278 32.5735 81.67037414219767
9385 378.609357456 1.03391963048 0.0768908242311 19.0382279653 7.1102 94.65089248954999
9390 6851.84108651 1.0382627854 0.0281104068202 254.307320846 -47.0276 38.659540582766354
9391 2168.61986258 0.993182446531 0.0411827818169 143.654476542 16.6626 43.37436194830465
9395 10323.8541229 1.0125769141 0.0221911531234 6.47831095598 27.9208 70.43114576585202
9405 119.016949568 1.13738062051 0.13509814834 174.136992598 -47.5589 89.43764637299856
9407 254230.432582 0.999250578204 0.00672194711235 56.4277401225 22.4427 15.13459278251338
9409 12265.7414928 1.03795565514 0.0219527793981 295.677687824 17.617 43.63812957401747
9413 1757.59059394 0.948300729229 0.0439691823012 84.6297945556 43.2903 32.99727759976565
9419 54.6849657518 0.741217072897 0.161469386222 225.409439204 -40.9528 3.281487778739006
9426 95.8518497429 0.914833447163 0.166021116508 74.04780886 -57.2151 5.215872066425732
9428 768.785104465 0.969249695751 0.0599682406018 252.896808046 -22.5338 43.76318989205849
9431 35.1825773516 1.12888425334 0.223880365459 204.769824938 -23.2962 91.68332209958592
9433 148.367064123 1.01011538503 0.127165945905 32.2008697619 17.9282 20.51511831998016
9435 266.266397107 1.03156786777 0.0874200720324 287.080092588 1.619 106.21448602348337
9442 26.8356698512 1.04272551333 0.254360716762 124.850909891 -70.9364 21.86507872893347
9444 181.958999642 0.991737462481 0.106635001897 136.223001309 30.1118 46.09537785234737
9455 204.304747702 0.955057885353 0.100359036896 4.29055307103 -49.8622 34.42281956535767
9457 464.06275262 1.0112488608 0.0714060312599 262.602746662 -58.5667 74.62514494353765
9461 1068.87349844 0.979191875676 0.0529405294212 255.875870832 -72.879 48.16731730545371
9466 6364.93302399 1.0362040884 0.0294024568603 233.244509962 26.4833 32.726533179824685
9469 140.193325661 0.986868031447 0.134764506064 273.670098855 -21.7634 14.806735803635405
9477 32.5035235547 1.29343746934 0.28430887102 42.0996143204 -57.0023 35.38915756230605
9483 94.8725637578 1.07902411378 0.149200338743 237.895735982 50.6503 43.29194407296791
9486 21096.8883586 0.990961256918 0.01822388077 346.144392716 26.8037 21.110023156122963
9489 116.744166193 1.11394114425 0.137313077697 292.458558244 -23.1292 62.744916254421724
9492 158.649862611 0.994998470748 0.130324085912 4.55894687805 9.911 11.659195554645294
9494 253.889945608 0.876624574734 0.0896303250786 293.878938455 0.7621 24.28856292395116
9497 49.8679258692 0.950717361448 0.15977650858 89.6135024309 -68.351 118.44112889178376
9498 127.101299067 1.04342086086 0.135624766417 166.032660529 -56.5862 27.362651930447754
9508 230.396861641 0.957792265527 0.115689021543 205.260794411 -62.0077 8.657814524640656
9514 53.3997048252 1.46632152364 0.270106840143 123.171643213 26.7919 26.27224677532712
9515 622.644186776 0.935845861662 0.0668908110405 196.817763195 79.3429 22.833452027343498
9517 192.294768445 1.08730603868 0.106723327353 176.820829226 81.9013 85.51791447329026
9519 106.758411659 1.03121224559 0.127761199794 127.529820894 -47.8806 97.9142975842352
9520 42211.6844253 0.992453964172 0.0135050312672 281.923885401 -2.3334 26.420036271572783
9525 4125.10618384 1.07155606446 0.0364626192643 204.828203614 -49.4105 25.31055251925622
9526 2473.31124954 1.03115135293 0.0406727261025 168.387804791 22.6163 41.85191865510632
9530 179.107166746 0.962183272899 0.100123914146 43.770882401 18.9236 63.451417197108924
9532 64.1501283146 1.13709314133 0.1806899907 11.207523123 -15.7682 62.81629323084567
9533 55.5455197645 1.27779097915 0.209562981906 189.722220344 54.2494 79.91314384069051
9550 4007.40042576 0.985054197806 0.0318191424286 130.017200353 3.4378 47.38028297252487
9559 99.5123794933 1.02633641363 0.13406920342 210.598036254 29.1481 66.48650892145739
9561 52.6417792995 1.19462857464 0.214678979321 86.212069111 66.7164 39.47224135588928
9562 32483.2108446 0.987451338083 0.014994468834 291.773956362 9.2593 25.37941719231837
9566 145.408742954 0.900850784968 0.102352792707 108.396398976 -6.7867 64.27800620583501
9570 77.2780354534 1.16791308385 0.162088118646 95.0394894102 -23.9 121.50262483968878
9574 775.07709261 0.971807366049 0.0585633498461 140.528740368 -72.7845 55.22030120549175
9578 121372.107735 0.979267640043 0.00910246919261 29.9018092407 6.8662 14.760501137471934
9580 769.506369304 0.987993458526 0.0615816226637 325.451139918 -61.4324 38.65554099947806
9591 153282.733793 1.01447082712 0.00785828034879 188.561482685 -40.1908 37.0588638841656
9599 31.9145287935 1.11740985707 0.263491824949 310.629779216 -50.888 18.294111771976304
9601 47.5281941878 0.875276954878 0.226009293217 211.424842992 14.9433 1.9312339415075428
9602 355.635849335 1.09949834538 0.0875398899205 252.098686908 26.8149 60.900539701855024
9629 47.651143001 1.15337789309 0.200028348759 307.309573064 -29.2418 81.11142698724365
9633 129.659977736 1.05128684981 0.120396846873 289.081653937 -19.7611 91.52143461638192
9640 460.735183777 0.863451686195 0.0628839054765 352.240508972 -0.8626 55.88796262323244
9646 1028.70065462 1.0081965242 0.0533576777385 218.12048297 -52.3395 62.89402201733502
9648 1799.4737271 1.04486896793 0.0455482030022 205.127985278 10.6505 51.54083379504917
9670 1532.06857255 1.0437708455 0.0460450032643 311.616138729 -21.7095 76.54046516574581
9675 46334.5718348 1.01792566267 0.0130315674648 83.8826570038 -60.9465 31.919448894537197
9679 28842.771818 0.998565727741 0.0148138947299 286.913930661 20.5726 53.201329470670075
9683 37.0105187087 1.09087652914 0.218490641501 321.77276835 23.1493 57.8070106021741
9695 92.2530610691 1.16677466048 0.151156705748 86.1481221252 16.8208 113.92092179118785
9699 540.620752727 1.04101701724 0.0814557521315 264.932880113 -65.3545 18.277608973928096
9701 27.5406453668 1.08986707076 0.241197132379 358.992836339 25.0128 86.57578339091498
9710 536.996846695 0.912680093534 0.0714737450451 77.2856872704 51.032 21.028819661534513
9718 50.0749150304 1.28618329963 0.219649429376 310.354198479 -47.8327 80.76340813637573
9722 2719.10268024 0.942869560537 0.0379103408888 53.0887664272 40.6236 25.226465006485284
9724 163842.462777 0.994716060006 0.00795045097825 349.09377879 65.4032 18.313084817460577
9728 50.2535025723 1.32710217936 0.229129313535 156.507004391 -2.1367 76.33791972420825
9731 22249.6167162 1.0172769425 0.016915659032 108.583454185 -16.521 44.85926066233863
9732 114.477765139 0.956172042709 0.114457934143 330.385011687 54.8287 102.28811608598066
9733 44.6081381418 0.966747715148 0.170754075648 159.57143741 1.3337 116.42820755925133
9737 45.2520633782 0.993660903813 0.182988537445 134.70441303 10.2369 53.97981118830293
9738 810.668704795 0.960153371438 0.0579259320885 263.837882973 39.9837 45.3202977305735
9752 180.597636436 0.968240742104 0.0973549271359 159.819992053 -7.4949 96.99873714420701
9754 48.5587876221 1.07514794983 0.184328356921 250.433886896 30.5664 91.9284870360213
9755 10922.645534 0.965881109191 0.022300610266 351.615849559 69.6283 28.2286255442676
9759 118.746155475 0.984835311408 0.114713772462 172.868938489 31.6801 126.03554444147784
9761 43.3780707689 1.0815821088 0.193942912773 124.758802709 -43.1418 96.83790325702677
9772 127.41414567 0.984208161217 0.115619664463 172.0917899 -21.6442 75.7148553584411
9773 475.817934936 0.926782763831 0.0704898227694 28.7440807945 21.0671 30.590248593669585
9776 1550.61531454 1.01119648189 0.0485291499289 127.325170064 -0.8899 38.183364292843834
9782 582.914922703 0.942575361112 0.0664530536796 261.072732071 36.2413 36.67866957555256
9789 148.720625916 0.843833406637 0.124699990789 265.168091749 18.5344 6.847169397988637
9797 116.353418957 1.03130792285 0.135137205927 340.830364293 -11.2731 39.18596576879895
9802 45.1572882564 1.14880989192 0.208375132199 93.6174332207 -42.0355 72.74371887368974
9816 276.852986357 1.14012193346 0.0971725124687 352.576680976 -58.6819 74.9294845759002
9825 138.405775445 0.957033157797 0.105693734628 211.898225672 -16.7067 103.51732922502823
9829 464.573610681 1.06993329156 0.0792828748315 30.4268285297 0.9686 48.277637250604585
9830 1375.50345728 1.01510557036 0.0507511465071 80.0751165676 37.6327 39.06637993745622
9836 562.043945709 1.04482860504 0.0733381529124 100.276209412 37.0025 37.240737437271804
9838 412007.664057 0.998634532875 0.00509114320997 267.712809366 55.8162 34.218977953904215
9840 606.409229796 1.0799247055 0.0668405991935 330.990545279 -52.5837 114.90646452639012
9851 1007.27750574 1.06933332764 0.0620655673927 213.071608416 -55.6667 28.424867850252625
9853 28.8946692223 1.21875569561 0.257654525169 142.748810018 31.5168 117.53479886422096
9867 126.480806263 0.855725348578 0.106005785683 37.9717980672 10.0271 46.910252384159435
9868 167.438420874 1.17148261845 0.143866955714 341.661365411 50.421 16.637385813136518
9887 440.055807635 0.934901996002 0.0781415802523 128.834077231 -18.7456 21.297619497576548
9888 314.114344372 0.972662496923 0.0871585477253 67.9988686374 3.4735 37.14832920317426
9893 380.141934484 0.988114127557 0.0874439264749 335.451889135 -69.1395 21.33947384863157
9908 1595.91038834 0.965198580153 0.044898663871 225.6731626 80.8143 40.82333154204598
9936 182.501091317 1.17726439338 0.129370265598 143.994312003 4.2956 35.07416827935026
9940 179.663285207 1.27081330684 0.145508416848 211.567178298 16.0276 25.368984376125013
9948 31.2839870331 1.00430799167 0.22801319415 59.5332549368 -13.7585 29.96364805011015
9956 1924.58164293 0.949785191016 0.0425572942139 269.054871684 -80.2451 31.418219046505456
9985 67.1726119065 1.06133668843 0.173680205333 356.09661193 -26.4941 32.9804975723257
9987 751.889794163 1.04676714071 0.0667782286132 258.299130976 -7.6249 34.65153622444356
9988 97.7882134239 1.01070856988 0.137524431097 145.339705615 -32.6702 47.497477213236834
9997 15464.1361082 1.04549922154 0.0197770784794 257.655160639 7.6049 51.14215459815762
9998 4116.19829008 0.987843077388 0.0321172029484 254.905970722 19.2608 38.18360598078051
10000 192.640236369 1.05111175299 0.106760341989 57.5397613705 15.9847 60.05041176497576
