252 11.6531939775 0.785040446077 0.273047461782 32.5308557828 68.7971 30.599538577640573
255 10.8958266522 1.03740064389 0.344913613011 193.736058321 -15.1234 101.13360636470372
261 4.71934891818 0.892013436608 0.434975924601 148.586630868 22.8266 117.98655606374263
262 14.1276280093 1.3750631899 0.398828644991 31.5642691422 13.4593 131.64058192933217
265 1.00327378872 0.706480312162 0.722155394423 104.975363739 38.4654 145.86118179941082
270 24.0679850024 1.12429280114 0.277447365945 270.62693 -41.6921 41.0372830574413
275 0.0762075160164 0.556858776563 2.02939721733 230.268915 27.8123 158.6083098206056
283 7.92092929001 1.46666491224 0.558562330586 42.5524851967 -10.3995 129.81920880212533
286 10.9719850568 1.09012686988 0.35614955262 74.8617784086 31.8866 140.50056301757658
287 -0.00016404944472 0.0 1.95115102132 225.25820579 -62.341 85.44535078128214
288 0.957918590284 1.93058582227 2.00813749787 235.27377835 -54.1683 209.35407936447712
292 16.0469061614 1.19310725926 0.326995629387 79.2004798441 29.6803 142.76893002366407
296 5.77358374011 1.36536578076 0.597177447931 350.361300068 -51.3795 180.35849061815497
297 1.72250457085 1.54624606694 1.22415613171 175.246783747 13.688 88.56777764271058
300 -9.31322574615e-09 1.0 0.0 110.468999235 60.3851 0.6471314813089037
307 1.31474099273 1.18625831407 1.07106011168 140.710979646 71.0564 82.86550331090254
310 7.04405239096 0.788658346309 0.337142421741 209.924795465 6.9933 36.60763235193724
311 0.602710529813 0.754642449931 0.992736180487 140.359178113 2.459 103.81280287963835
313 3.66608096159 1.29468202791 0.715416217222 44.3437871159 -3.5223 82.70917264387703
314 21.7511009583 1.17637243091 0.279267282928 293.413386346 42.2793 171.48386205432314
320 1.62554051273 1.53234501401 1.22860607264 141.275016303 -10.5644 249.7595070280826
321 0.345995234908 2.35714194424 4.06483223154 97.5218350865 -8.5339 115.56672446563783
322 0.21292834729 0.716593188263 1.5694205514 308.319260262 68.7033 143.4021546704103
325 10.6905726752 0.895824928558 0.3083017442 204.815011587 -54.0659 59.40757676934632
327 6.3860855127 1.14735026129 0.59827135389 314.165328741 53.1962 4.392575911571299
329 -1.38296745718e-05 0.0 2.02241274743 344.069927135 -12.2049 68.4388745460264
337 7.66331979865 0.810545156257 0.332013793656 22.7575521968 -65.7936 35.47850557312478
339 1.34314591158 0.800738906292 0.747375952513 147.904227188 36.0226 16.9372348480739
343 1.77069784224 0.731544290127 0.567699008493 298.657539234 18.9583 145.94044148994143
347 18.2028030581 1.17303635395 0.302243460966 65.1413075016 0.2606 152.18037196953938
349 5.98998135142 1.46228393908 0.638361627612 89.9484178175 49.7404 96.76559867104774
351 10.4647767574 1.10156530579 0.395185078813 213.245778614 -15.4098 30.84144518590176
353 19.517116209 1.06924871568 0.273106223756 192.386205838 -11.7238 101.7370149684475
358 -5.21688489243e-05 0.0 2.42983826772 134.361741443 -43.1684 61.62247662097809
359 14.6469089129 0.927046750626 0.272899479506 260.659931914 -19.5773 77.54457003022492
365 18.5782827308 1.13216693938 0.337160524243 31.4958302026 55.9412 14.009923085450026
366 5.23435130494 1.08766838663 0.502746646236 85.0359271825 -23.7194 130.74801356488075
370 1.46170433762 1.06512366452 0.908422864776 295.230724616 -16.1641 117.66045523156879
371 10.0962487797 0.877791041356 0.302439905104 208.617202804 -41.1906 100.91343219937669
383 0.255859912024 0.789989899609 1.58754374454 223.623988106 -49.1214 76.53856130383488
385 1.84747444442 1.24490754403 0.943705235469 0.0260138947221 -47.5532 155.62369049669323
387 0.692904808326 1.66560155237 2.03201988075 209.161510769 25.0779 203.64085122588858
388 14.9271880666 1.36787440321 0.393823400372 218.12970129 20.0646 93.89249479568616
389 1.18182607309 2.71021010899 2.54104043666 59.691709857 43.4942 213.08153078175445
393 0.801238290151 1.04736702519 1.21021180325 302.133580983 43.0189 57.25217352643858
394 1.09840772545 1.63675562928 1.59091046415 257.907020732 34.4226 231.5018441545736
397 12.0018908347 0.785483213089 0.253063332994 215.822105606 -42.7511 78.3238034115667
400 2.23633982474 1.66351839122 1.15240867235 33.9687840056 -22.9219 127.83754721475947
401 4.22007148911 2.26119694997 1.20715601967 179.895350836 -33.523 33.963975300789315
402 0.104917971883 0.457699683248 1.42201486987 150.403060766 -25.2117 203.55508977362524
405 0.727374314098 1.87592393505 2.22795472899 35.448292683 -8.4515 299.90381702737574
408 1.71279031772 1.18767545073 0.937406152367 63.5726248869 -53.9884 121.13154814539573
409 2.78642539436 1.32802910395 0.850878200314 328.352260755 2.5626 47.09926423518161
413 0.165298579494 0.93774160575 2.32955593688 239.378960798 -60.4635 124.65051052207946
415 1.07703760313 1.12392019626 1.11366099284 62.3303467297 -13.1301 106.39338405223
416 4.7681648588 0.810375589428 0.393406394902 224.404940421 11.8659 110.68246544720589
418 -0.000240340363234 0.0 2.04932132944 44.9653181257 -37.4606 44.47456083194581
423 9.74045108818 0.78817920757 0.300019868285 119.132719049 9.0427 26.800319149179387
424 3.65998952556 1.24861660265 0.741269864817 191.784634662 64.2004 17.327258675807172
426 1.80007894547 1.34652028193 1.03967545622 156.925301714 -28.7216 110.1231140417205
428 3.75420821435 0.944223702119 0.511892884932 350.841375545 -28.0865 126.49927545638675
432 7.00579697022 0.998586626431 0.407759874328 337.875951512 -12.3114 88.4809610966191
434 0.00821283552796 0.138769936989 1.54217168361 167.862988232 -50.4766 45.08871613658235
437 2.15873243217 1.79975799035 1.26287365788 19.7371612719 -36.9617 166.66553533020192
441 0.8563185971 0.898097366281 0.989335908954 232.09857915 49.3624 177.6731897810975
442 0.00866109586786 0.288436213024 3.10405873406 355.868561922 53.7329 268.8441153468938
446 1.62391738361 0.975792342584 0.795402057139 129.947356604 -49.1758 89.13118453561111
451 9.73111631884 1.24514741447 0.443330644453 208.931786683 12.2558 64.08662449521086
465 5.71229462314 0.955080345034 0.449324432826 31.1450352807 -57.5414 40.09580101766929
466 -0.000706062768586 0.0 3.57468624072 272.896427164 -8.6797 48.2732182611208
477 -0.000251485267654 0.0 3.64572508477 239.600800182 49.1205 29.263118735741273
482 6.88034917286 1.32191676108 0.536041317494 220.387607662 -38.6313 139.90825535327502
490 3.62812987098 1.51197414786 0.846498171538 34.6820276345 -1.8196 67.51921042569302
491 0.0105953566963 0.646786135878 6.29987826638 172.106825548 14.2917 101.20580002607795
493 1.1162219391 1.34799105937 1.30253757493 38.078064842 26.6344 195.5702106371405
