1860 1572.68304264 100000000.0 11331675.1554 47.5441182201 -16.6301 1.2413248562539252
1862 7377.9407196 100000000.0 5141251.74029 186.657031099 -46.23 11.544223676110448
1867 7266.74453935 100000000.0 5143742.00042 51.9011544177 12.844 12.082013387395705
1873 14350.0391992 100000000.0 4077916.09034 215.117444539 -36.1544 15.919058936005598
1892 8929.48490693 100000000.0 5190079.84229 94.461816976 -2.3405 9.973981370044612
1901 16848.0482389 100000000.0 4104273.04653 310.166746639 -36.437 12.314162627425844
1903 9935.72872232 100000000.0 4834324.43372 348.677186559 -70.8574 12.194573504073162
1907 8359.74351262 100000000.0 5235359.57244 185.95650008 -37.9707 10.493075467409682
1913 13389.7378818 100000000.0 4632415.37671 255.275963503 -60.326 9.592765464958546
1915 2908178.53826 100000000.0 417323.407704 172.338862582 19.6449 21.985773021248406
1920 34037.3537103 100000000.0 2974034.119 310.152010674 31.8619 21.95083806204009
1932 1891256.05191 100000000.0 518149.265335 199.297783416 33.1268 15.266440599195633
1946 1179.87713926 100000000.0 14007303.3738 358.309460843 22.9153 0.3949594370323837
1949 7803.4152777 100000000.0 6383571.78098 64.6686408479 -50.6892 3.30936547119083
1952 15567.4478472 100000000.0 4335653.55884 116.77780932 -51.4747 10.143990006502406
1971 6181.02749744 100000000.0 5590356.70366 30.054048418 7.3836 9.411135322631793
1981 12558.1050525 100000000.0 3925975.84409 226.498377656 -12.5052 20.746645692714992
1982 4365.59966656 100000000.0 6606073.75752 20.7038860183 24.5763 6.679130912476609
1987 27772.8558215 100000000.0 3293091.76173 244.331686606 11.0994 17.0751564763154
1993 3046.6434967 100000000.0 8332094.79361 148.042686328 26.8945 4.165349862600493
2009 5608.81158237 100000000.0 6624511.34302 182.093026364 13.3328 5.318971168296372
2011 46955.1677996 100000000.0 2477036.87412 345.128883443 24.0814 35.330470064400856
2039 24278.2820267 100000000.0 3062137.78002 221.939933623 -5.1444 31.83858632087737
2044 11309.1859211 100000000.0 4537321.33548 275.914998234 44.2764 14.07495164786377
2059 3351.55753902 100000000.0 9676159.03512 350.592422501 -12.9281 0.8154152632672265
2060 3772.56561306 100000000.0 7237462.56427 107.828251194 51.5136 6.0131214409169615
2062 7524.24294527 100000000.0 6215789.17215 1.50411639957 40.0065 4.612438565483359
2065 9468.33874077 100000000.0 4518002.38143 41.3204318713 76.6372 16.07055317875006
2068 9301.21625257 100000000.0 4676162.67073 274.065157358 -22.085 14.223569151035235
2103 8030.28146922 100000000.0 5464090.18372 357.870328958 45.7856 8.812620384551337
2109 3284.62095962 100000000.0 7678600.64733 315.353202118 16.7651 5.289334182112668
2117 12337.2197349 100000000.0 4083285.56116 210.788299997 1.7968 20.38817396572705
2118 18689.5468123 100000000.0 3196697.72294 29.7297436232 -9.7131 33.14984091826065
2123 1831.75052576 100000000.0 11437486.2062 336.015780888 60.2665 1.9718195273581784
2126 23899.844234 100000000.0 3671179.38618 313.072181246 82.9682 12.004785670907893
2135 8189.97208076 100000000.0 4867969.39984 119.060527323 -25.8527 13.550488544333632
2149 16789.8714815 100000000.0 4438255.79957 60.9773842127 -52.6109 7.69749646066586
2169 7719.86776241 100000000.0 5593812.92276 213.069418914 21.4898 7.860572713949466
2171 8230.51179611 100000000.0 5097033.1437 239.113272309 -9.3992 12.595128668085835
2175 3558829.53689 100000000.0 395451.174709 226.038958099 -46.1743 2.283475996949292
2178 6114.79108124 100000000.0 5904407.74693 81.5323796173 -39.1399 7.702572592941891
2184 1076.73622562 100000000.0 12521357.7533 126.015337094 38.7091 0.6961188720046607
2193 1556.30897981 100000000.0 10694712.2042 296.18579451 15.3345 1.97681221695791
2201 2510.49839967 100000000.0 8356132.39546 237.896276056 -38.168 4.383911141991746
2213 73921.758817 100000000.0 2391301.9429 127.501777566 57.5653 8.502613700687391
2219 7092.74609551 100000000.0 5486299.49037 325.565158354 -3.0209 10.512497231474157
2228 3316.26350763 100000000.0 8595540.23067 102.330574392 -13.2787 3.477121211651678
2229 11353.2284693 100000000.0 4669161.12669 113.1067859 -51.1444 12.365256780963165
2239 11674.8927083 100000000.0 4516269.62014 301.782213133 -22.7867 14.147015874706597
2247 6203.08118309 100000000.0 5077576.27073 331.49907445 28.1554 15.599787468976103
2249 2993.50047956 100000000.0 8209880.64396 259.68971934 -0.3911 4.420492940563548
2278 46176.5541717 100000000.0 2879420.53165 76.2991240109 3.533 10.640143831438806
2306 2639.67053737 100000000.0 10484353.841 339.765287955 42.1326 1.1942768260545904
2311 3898727.76532 100000000.0 358465.220187 236.937728437 -35.842 34.070627456775526
2312 16218.0284153 100000000.0 3324520.42544 14.6286915327 36.8672 31.1691702028632
2332 52299.654469 100000000.0 2638364.22998 191.835554294 -74.3982 16.272120349065347
2335 13454.055004 100000000.0 4825892.45334 196.861395197 -11.4839 7.623075506901259
2340 13810.9142394 100000000.0 4096544.06904 61.8806766892 -39.8028 17.44962910120367
2345 23159.0182539 100000000.0 3984690.28578 144.3799185 -5.2599 5.698080107810256
2371 16885.5062518 100000000.0 4358441.87859 299.331836135 -8.7003 8.006936858671082
2390 2302.93032491 100000000.0 9272918.36242 32.7217166382 39.9058 3.0640869883316952
2404 14570.5603163 100000000.0 3752400.85055 284.03513707 65.6804 23.618855360021087
2408 15021.3912816 100000000.0 3923984.94754 319.452429593 16.3036 18.90251992983852
2440 3671.71617463 100000000.0 7619500.93167 22.003420111 -65.0481 4.5822179979487885
2448 13639.5531053 100000000.0 4227330.22041 75.3500521546 -22.7007 15.045363749662812
2453 38338.2200132 100000000.0 2808202.78459 119.746383835 -13.0493 23.455570841591538
2454 2859.58422211 100000000.0 7709729.16274 311.673039045 -47.0481 5.29719125122125
2463 19516.8085012 100000000.0 3500148.54216 243.751684298 -15.9585 23.130421752796394
2474 23424.902446 100000000.0 3142759.49731 6.50045794338 31.2375 30.26513784016339
2488 877558.129064 100000000.0 765128.923618 216.899373041 48.9673 6.2887179723714155
2491 4325.26088827 100000000.0 6352056.42973 155.400134727 -38.7176 8.065593767722817
2492 58568.1625694 100000000.0 2507104.825 194.601134818 64.7118 17.20218126625022
2493 2779.54111815 100000000.0 8350758.8351 313.734579667 -7.3648 3.5770773088646024
